branch_instructions,instructions,jmx_memory_young_collection_delta,jmx_memory_old_collection_delta,ref_cycles,jmx_memory_young_collection_time_ms,branch_misses,jmx_memory_used_delta,compilation_time_ms,cache_misses,compilation_total_ms,iteration_time_ns,jmx_memory_young_collection_count,JVM_COMPILATIONS,jmx_memory_used_size,jmx_memory_old_collection_total_ms,cache_references,uptime_ns,jmx_memory_young_collection_total_ms,jmx_memory_old_collection_time_ms,jmx_memory_old_collection_count,benchmark,total_ms
18722853604,93690095663,1,0,30853792370,39,17879432,192937984,72,471868411,38704,3231833950,47,14,283514448,874,828131243,118201612953,2957,0,21,neo4j-analytics,121433
18710833924,93642151832,1,0,30980530882,38,17808821,192937984,5,473837455,38709,3229347823,48,9,283514976,918,842997808,121480677372,2995,0,22,neo4j-analytics,124710
18710712864,93637656449,1,0,30868545378,39,17716514,197132288,72,472310876,38782,3244495779,49,10,287709392,957,833196029,124751464599,3034,0,23,neo4j-analytics,127996
18701724345,93597756755,1,0,30877769658,30,17623239,197132288,49,468433965,38832,3209830367,50,6,287710200,995,837712738,128037442685,3064,0,24,neo4j-analytics,131247
18708688740,93628769055,1,0,30838164676,30,17643240,192937984,5,470589272,38837,3216512534,51,2,283517472,1044,826519230,131298551032,3094,0,25,neo4j-analytics,134515
18708760983,93631121069,1,0,30824079472,40,17659902,188743680,9,471145633,38846,3224547204,52,6,279323616,1083,827627217,134556737253,3134,0,26,neo4j-analytics,137781
18710939247,93642578667,1,0,30870176928,28,17704017,197132288,44,472546292,38890,3217053348,53,3,287711680,1124,828853065,137825475914,3162,0,27,neo4j-analytics,141043
18709930553,93636410890,1,0,30855618100,30,17685149,197132288,3,472399593,38941,3218233023,54,5,287711992,1170,829684218,141091803974,3192,0,28,neo4j-analytics,144310
18710967655,93641965682,1,0,30859994012,38,17695710,192937984,4,471799641,38993,3226786545,55,5,283518104,1216,830770037,144358977113,3230,0,29,neo4j-analytics,147586
18736312889,93742956514,1,0,31013923418,39,17709960,192937984,39,473666374,39032,3254118058,56,10,283518416,1258,843903315,147630191507,3269,0,30,neo4j-analytics,150884
18708056994,93626965690,1,0,30943344974,39,17632416,192937984,19,470964055,39051,3235594427,57,7,283518728,1300,842650545,150929403224,3308,0,31,neo4j-analytics,154165
18708392505,93630662999,1,0,30908202482,29,17699528,192937984,18,473741921,39069,3215125752,58,13,283519040,1346,840786405,154214560765,3337,0,32,neo4j-analytics,157430
18705970000,93617673047,1,0,30828604596,30,17694954,197132288,46,470091288,39115,3219436221,59,8,287714040,1393,829645801,157479637352,3367,0,33,neo4j-analytics,160699
18701450314,93596613614,1,0,30757833724,30,17575759,197132288,65,467315104,39180,3201824760,60,7,287717616,1433,825023833,160741635028,3397,0,34,neo4j-analytics,163943
18706946904,93624299817,1,0,30813377672,29,17594215,197132288,15,469594231,39246,3212769995,61,2,287718304,1482,826650112,163995020239,3426,0,35,neo4j-analytics,167208
18709696378,93635178373,1,0,30850025278,29,17688107,197132288,51,471174979,39297,3227439202,62,7,287718744,1528,830567401,167256152176,3455,0,36,neo4j-analytics,170484
18705301290,93615024052,1,0,30772443652,30,17772816,197132288,18,468192706,39315,3206634824,63,6,287719400,1565,826287284,170523599839,3485,0,37,neo4j-analytics,173730
18708191685,93627935725,1,0,30948698502,29,17720273,197132288,13,469861289,39328,3218587171,64,1,287719760,1606,839926056,173774878109,3514,0,38,neo4j-analytics,176993
18709644192,93632862157,1,0,30832641496,30,17626495,197132288,4,469397833,39332,3220389139,65,3,287720072,1649,826253248,177038891776,3544,0,39,neo4j-analytics,180259
18707419182,93625132313,1,0,30831713374,29,17698771,192937984,55,467659701,39387,3211204973,66,4,283526080,1692,829091342,180305342044,3573,0,40,neo4j-analytics,183517
18707598059,93621958695,1,0,30817645982,31,17561262,201326592,2,468281408,39389,3213075134,67,1,291915000,1732,827543857,183560130012,3604,0,41,neo4j-analytics,186773
18709894683,93636359220,1,0,30985991428,29,17619887,195035136,8,470921979,39397,3221013445,68,12,285623856,1776,843563920,186820028344,3633,0,42,neo4j-analytics,190041
18709739398,93634380671,1,0,30890624374,29,17783362,197132288,74,471833261,39471,3229282491,69,17,287721384,1823,831371849,190090564944,3662,0,43,neo4j-analytics,193320
18708352463,93627172088,1,0,30792467990,40,17696078,195035136,52,468616594,39523,3224056578,70,8,285624584,1871,824479323,193371006247,3702,0,44,neo4j-analytics,196595
18709671932,93635086878,1,0,30940058076,29,17769248,197132288,17,469769094,39540,3216167023,71,4,287722056,1917,844030499,196643811456,3731,0,45,neo4j-analytics,199860
18711205812,93639805171,1,0,30949818760,30,17656841,197132288,8,470393888,39548,3218980349,72,1,287722464,1954,841597708,199900571102,3761,0,46,neo4j-analytics,203120
18709820967,93635392886,1,0,30958560364,29,17624942,197132288,6,470185447,39554,3217677752,73,4,287722304,1992,838812531,203161238523,3790,0,47,neo4j-analytics,206379
18706775794,93619526910,1,0,30807475184,39,17562840,192937984,1,466671929,39555,3218848790,74,1,283528856,2036,829603359,206425533327,3829,0,48,neo4j-analytics,209644
18711409461,93639704367,1,0,30953934646,30,17651039,197132288,0,469542320,39555,3222617203,75,1,287723472,2079,839310493,209691140432,3859,0,49,neo4j-analytics,212914
18707393524,93624007324,1,0,30936371430,29,17664833,192937984,138,470782587,39693,3227695951,76,12,283529480,2119,842554922,212956464079,3888,0,50,neo4j-analytics,216184
18709335054,93634640616,1,0,30956414456,30,17650860,197132288,9,469946997,39702,3215187925,77,10,287724192,2163,844264501,216231309482,3918,0,51,neo4j-analytics,219446
18709463716,93630420623,1,0,30802633824,30,17605183,197132288,8,468201548,39710,3216928273,78,3,287724504,2205,829114761,219491882809,3948,0,52,neo4j-analytics,222709
18710311145,93635477007,1,0,30841076208,30,17649617,197132288,0,469116919,39710,3222203550,79,0,287724816,2244,828757190,222751004583,3978,0,53,neo4j-analytics,225973
18706777800,93618897552,1,0,30895555378,30,17686412,197132288,13,468341587,39723,3218303288,80,6,287725128,2286,840789712,226018278395,4008,0,54,neo4j-analytics,229237
18708233668,93626019923,1,0,30803919646,30,17596727,197132288,0,468746049,39723,3215805039,81,2,287725440,2327,828060384,229281157617,4038,0,55,neo4j-analytics,232497
18707738283,93623312209,1,0,30894481402,30,17568792,197132288,3,468022395,39726,3212676260,82,2,287725752,2374,840419887,232546974762,4068,0,56,neo4j-analytics,235760
18708554519,93630404830,1,0,30927606904,38,17780037,195035136,24,469796105,39750,3223129279,83,3,285628912,2420,840673231,235809030238,4106,0,57,neo4j-analytics,239032
18706014535,93617335649,1,0,30785606428,31,17609228,197132288,0,466972923,39750,3215891514,84,0,287726376,2463,823900068,239078375350,4137,0,58,neo4j-analytics,242294
18711091483,93639602201,1,0,30927999936,38,17642292,195035136,12,470127285,39762,3230591715,85,4,285629536,2503,843596136,242337102247,4175,0,59,neo4j-analytics,245568
18709552122,93633687682,1,0,30808497184,29,17688187,197132288,0,469206891,39762,3210479276,86,6,287727960,2547,831625237,245614905777,4204,0,60,neo4j-analytics,248825
18722811316,93687832157,1,0,30953107118,39,17659275,195035136,65,470792987,39827,3233721976,87,4,285631120,2589,841633535,248870398638,4243,0,61,neo4j-analytics,252104
18708346461,93626690716,1,0,30924609816,30,17599499,197132288,0,468174982,39827,3218386743,88,0,287728584,2629,841383724,252146930037,4273,0,62,neo4j-analytics,255365
18710019142,93634544265,1,0,30952247908,29,17615290,197132288,1,470039851,39828,3219928533,89,3,287728896,2670,842737791,255409776498,4302,0,63,neo4j-analytics,258630
18720414814,93676293524,1,0,30921080558,38,17641533,195035136,16,469707163,39845,3221059151,90,31,285632056,2716,843719006,258678949157,4340,0,64,neo4j-analytics,261900
18709356323,93629825392,1,0,30829765150,40,17764142,195035136,3,468432308,39848,3226119639,91,4,285632368,2759,828192856,261946261235,4380,0,65,neo4j-analytics,265172
18706636946,93618604941,1,0,30932952402,30,17567556,197132288,4,468489030,39852,3217711410,92,5,287735208,2802,841454207,265218247631,4410,0,66,neo4j-analytics,268436
18721360960,93682658286,1,0,30958469114,29,17573303,197132288,0,468096675,39852,3219684816,93,2,287735520,2843,843470706,268480559544,4439,0,67,neo4j-analytics,271700
18708695051,93630456570,1,0,30830780142,29,17580699,197132288,3,469204787,39855,3215714069,94,3,287735832,2887,830122641,271747604120,4468,0,68,neo4j-analytics,274963
18709435244,93631623057,1,0,30981384690,30,17780759,197132288,47,470404038,39902,3224399343,95,3,287736144,2931,845152018,275010438518,4498,0,69,neo4j-analytics,278235
18708444632,93626145098,1,0,30811162414,39,17594753,197132288,1,467370994,39944,3228570541,96,1,287736456,2969,829633786,278275964193,4537,0,70,neo4j-analytics,281505
18710901994,93638322425,1,0,30951735594,30,17649544,197132288,0,469377802,39944,3217610481,97,0,287736768,3013,844252095,281551722092,4567,0,71,neo4j-analytics,284769
18707625098,93622405871,1,0,30793482398,39,17566126,195035136,1,467322580,39945,3221601555,98,1,285639208,3055,829448471,284814489935,4606,0,72,neo4j-analytics,288036
18707877701,93625255642,1,0,30953768352,30,17540529,197132288,0,468263608,39945,3216582514,99,0,287736672,3095,844871563,288079458032,4636,0,73,neo4j-analytics,291296
18707826928,93624105568,1,0,30934379698,30,17579474,197132288,0,467311942,39945,3215821642,100,2,287736512,3134,846047024,291338407487,4666,0,74,neo4j-analytics,294554
18705008037,93610658131,1,0,30809380630,31,17647362,197132288,12,466410019,39957,3207977174,101,7,287737328,3178,827674111,294602062024,4697,0,75,neo4j-analytics,297810
18709955023,93633453499,1,0,30945546070,29,17579693,197132288,0,469181216,39957,3216550594,102,0,287738832,3223,837933112,297857733221,4726,0,76,neo4j-analytics,301074
18710549402,93638616596,1,0,30846978842,29,17683190,192937984,10,469313514,39967,3217953860,103,1,283544840,3264,828391560,301118626163,4755,0,77,neo4j-analytics,304337
18707951184,93626658241,1,0,30925698684,29,17571791,197132288,0,468780133,39967,3213959669,104,1,287739456,3301,837866485,304377205347,4784,0,78,neo4j-analytics,307591
18709579299,93633093976,1,0,30976310752,29,17627673,201326592,0,469126623,39967,3219526980,105,0,291934072,3341,839600077,307634546822,4813,0,79,neo4j-analytics,310854
18710032408,93636718078,1,0,30950594312,29,17575360,195035136,0,469730503,39967,3216968341,106,0,285642928,3384,838800466,310900195861,4842,0,80,neo4j-analytics,314117
18732470952,93725125423,1,0,30872238740,40,17569199,195035136,59,468405544,40026,3234224744,107,2,285643232,3423,830582375,314159623395,4882,0,81,neo4j-analytics,317394
18710082320,93636568850,1,0,30827786120,38,17590261,192937984,0,468630686,40026,3229529915,108,0,283546736,3465,827947307,317439306846,4920,0,82,neo4j-analytics,320669
18708888792,93628479507,1,0,30945651482,29,17553560,197132288,1,468440154,40027,3216688912,109,1,287741352,3510,843785995,320716832639,4949,0,83,neo4j-analytics,323934
18708596405,93629210952,1,0,30957658668,30,17575745,197132288,0,469522066,40027,3219623924,110,1,287741664,3549,839414249,323976511259,4979,0,84,neo4j-analytics,327196
18706989386,93621564430,1,0,30953036308,38,17531043,197132288,1,468294519,40028,3221446826,111,2,287741968,3590,842067026,327239782392,5017,0,85,neo4j-analytics,330461
18708379935,93628733038,1,0,31012672052,39,17595424,197132288,15,469281033,40043,3233651179,112,3,287742288,3634,843127624,330509039921,5056,0,86,neo4j-analytics,333743
18709709917,93634264564,1,0,30953427588,38,17583620,195035136,0,469426663,40043,3230257740,113,2,285645448,3672,846410988,333783469384,5094,0,87,neo4j-analytics,337014
18710174621,93635886714,1,0,30944686860,30,17672381,197132288,0,469688125,40043,3220617766,114,0,287742912,3715,841748921,337060473209,5124,0,88,neo4j-analytics,340281
18708250427,93626339955,1,0,30833101396,39,17612442,197132288,0,468138629,40043,3228616739,115,0,287743224,3753,829429581,340322186499,5163,0,89,neo4j-analytics,343551
18708892328,93627715957,1,0,30817357486,30,17634952,197132288,0,468282908,40043,3216650370,116,0,287743536,3797,827507113,343598617376,5193,0,90,neo4j-analytics,346815
18708592822,93627340642,1,0,30822771458,30,17610574,197132288,0,469079916,40043,3215500618,117,1,287743848,3838,830294984,346859583022,5223,0,91,neo4j-analytics,350075
18722494567,93685477946,1,0,30852571080,30,17615282,197132288,20,470251463,40063,3221713298,118,2,287744160,3883,829882521,350123195776,5253,0,92,neo4j-analytics,353345
18708309957,93628533555,1,0,30957425068,38,17572007,192937984,3,468781270,40066,3228902813,119,1,283550616,3925,838411125,353390397386,5291,0,93,neo4j-analytics,356619
18707932376,93626198759,1,0,30966188572,30,17568291,197132288,0,469417296,40066,3222567441,120,0,287745232,3972,844298949,356669411377,5321,0,94,neo4j-analytics,359892
18709102832,93631294447,1,0,30845326414,40,17603457,192937984,0,468718206,40066,3232124933,121,1,283551240,4009,833387294,359932718919,5361,0,95,neo4j-analytics,363165
18709822538,93630433781,1,0,30820973176,30,17704725,197132288,21,469730467,40087,3219008365,122,22,287745856,4047,826034202,363205741915,5391,0,96,neo4j-analytics,366425
18707624322,93624181766,1,0,30821340804,30,17720694,197132288,0,468128878,40087,3218805467,123,1,287746168,4090,830713400,366471509677,5421,0,97,neo4j-analytics,369690
18707755672,93624512768,1,0,30842732724,30,17536119,201326592,11,469233080,40098,3217325619,124,1,291940784,4135,830415128,369738014183,5451,0,98,neo4j-analytics,372955
18711001974,93639956411,1,0,30860903446,38,17642077,192937984,0,468897245,40098,3230799917,125,0,283552488,4176,832103999,373000327952,5489,0,99,neo4j-analytics,376231
18720896453,93677611876,1,0,30969893468,30,17706964,197132288,2,469198784,40100,3225150178,126,2,287747104,4223,841191797,376280821661,5519,0,100,neo4j-analytics,379506
18708819684,93628379116,1,0,30982302884,30,17597927,192937984,1,468285581,40101,3220521477,127,1,283552640,4264,846198370,379550722358,5549,0,101,neo4j-analytics,382771
18707387486,93625348879,1,0,30949894972,29,17635322,197132288,1,469033051,40102,3215717218,128,1,287747728,4309,845538926,382819710290,5578,0,102,neo4j-analytics,386035
18706950836,93620219808,1,0,30954982634,30,17544443,197132288,0,467812323,40102,3218686946,129,0,287748064,4352,839358126,386082592603,5608,0,103,neo4j-analytics,389301
18708635173,93629061040,1,0,30833084168,39,17802865,195035136,0,469312183,40102,3234008909,130,0,285651248,4391,830472816,389343769305,5647,0,104,neo4j-analytics,392578
18709046722,93629491457,1,0,30990774680,39,17553552,192937984,0,468830461,40102,3231229322,131,0,283554432,4437,843494414,392627004306,5686,0,105,neo4j-analytics,395858
18709606061,93633889931,1,0,30947697818,29,17643758,197132288,1,469439887,40103,3223356231,132,1,287749072,4481,842538290,395906052923,5715,0,106,neo4j-analytics,399129
18706841194,93618907311,1,0,30939855574,31,17525489,192937984,1,468320987,40104,3219220338,133,2,283555104,4526,841581654,399177696208,5746,0,107,neo4j-analytics,402397
18708662675,93628868036,1,0,30961735134,29,17572043,197132288,6,469751651,40110,3218313293,134,3,287749744,4566,838463140,402440382125,5775,0,108,neo4j-analytics,405659
18707141904,93621537777,1,0,30832382930,30,17567956,197132288,0,467972577,40110,3220811961,135,0,287750080,4611,831319058,405706720598,5805,0,109,neo4j-analytics,408928
18709976357,93634666515,1,0,30830903512,30,17609321,197132288,0,468859269,40110,3224176432,136,0,287750416,4656,826954132,408975794755,5835,0,110,neo4j-analytics,412200
18709838420,93635497679,1,0,30855720154,29,18175955,197132288,0,468538590,40110,3222980546,137,0,287750752,4693,829265755,412240675129,5864,0,111,neo4j-analytics,415464
18706595075,93617838631,1,0,30834699074,30,17544728,197132288,0,467071023,40110,3217384397,138,0,287751808,4736,831927567,415509821169,5894,0,112,neo4j-analytics,418727
18709252035,93632959799,1,0,30969566720,39,17598494,192937984,0,469250756,40110,3232824989,139,0,283557840,4774,837075322,418768430746,5933,0,113,neo4j-analytics,422001
18707159386,93619557479,1,0,30901592770,30,17525148,197132288,8,468260858,40118,3211550592,140,1,287752480,4821,836960973,422052559322,5963,0,114,neo4j-analytics,425264
18708186069,93625975728,1,0,30819576978,30,17611682,201326592,0,469219896,40119,3226190309,141,0,291947120,4865,829817633,425311257995,5993,0,115,neo4j-analytics,428537
18708833237,93629283860,1,0,30939231570,39,17611873,192937984,0,469452125,40119,3231607477,142,1,283558848,4905,842517867,428580927130,6032,0,116,neo4j-analytics,431813
18707844021,93623470039,1,0,30916666248,30,17585879,197132288,1,468322852,40120,3216135276,143,1,287753488,4951,839463043,431861738702,6062,0,117,neo4j-analytics,435078
18708273328,93625003946,1,0,30979183740,30,17573025,197132288,10,470497583,40130,3227295046,144,3,287753824,4988,842892505,435119349354,6092,0,118,neo4j-analytics,438347
18708490630,93625591590,1,0,30839645116,30,17599316,197132288,0,468559985,40130,3218484249,145,0,287754160,5028,826498966,438390108216,6122,0,119,neo4j-analytics,441609
18709087990,93630155843,1,0,30828760378,30,17577560,197132288,0,469405306,40130,3224022419,146,0,287754496,5066,827017803,441649769769,6152,0,120,neo4j-analytics,444874
18707686655,93621402829,1,0,30811963370,30,17600954,197132288,1,467063985,40131,3215063817,147,1,287754832,5110,829143125,444921278073,6182,0,121,neo4j-analytics,448136
18709671964,93633245099,1,0,30850201208,30,17588431,197132288,0,469406010,40131,3225698470,148,0,287755168,5155,832085765,448184794711,6212,0,122,neo4j-analytics,451410
18706697428,93620718539,1,0,30969169016,29,17550165,197132288,45,468635207,40176,3216272362,149,1,287755504,5197,838620158,451456462455,6241,0,123,neo4j-analytics,454673
18707583188,93625411554,1,0,30938261546,29,17558305,197132288,0,468251845,40176,3218941499,150,1,287755840,5238,840259630,454717428386,6270,0,124,neo4j-analytics,457936
18708242987,93626147014,1,0,30844401942,30,17556715,197132288,1,468158189,40177,3223148717,151,1,287756168,5284,828002319,457985653159,6300,0,125,neo4j-analytics,461209
18707721997,93622940152,1,0,30962341034,30,17571897,197132288,1,469042055,40178,3223875546,152,4,287756512,5328,843120765,461256227506,6330,0,126,neo4j-analytics,464480
