"branch_instructions","instructions","jmx_memory_young_collection_delta","jmx_memory_old_collection_delta","ref_cycles","jmx_memory_young_collection_time_ms","branch_misses","jmx_memory_used_delta","compilation_time_ms","cache_misses","compilation_total_ms","iteration_time_ns","jmx_memory_young_collection_count","JVM_COMPILATIONS","jmx_memory_used_size","jmx_memory_old_collection_total_ms","cache_references","uptime_ns","jmx_memory_young_collection_total_ms","jmx_memory_old_collection_time_ms","jmx_memory_old_collection_count","benchmark","total_ms"
21651446402,110433815907,9,0,51270944976,174,96566238,2609909984,11611,684127478,32042,7030361504,25,6795,2692197248,43,3019755282,46171519778,2330,0,1,"neo4j-analytics",53202
18458169083,92504057088,1,0,33164445894,62,19752055,283960416,1561,456796027,33618,3816432902,26,560,372684896,102,850949994,53263366977,2392,0,2,"neo4j-analytics",57080
18546354321,92711040295,1,0,31102289480,68,17856615,2686451712,757,536889306,34375,3094630474,27,193,2775425080,140,934197445,57119565177,2460,0,3,"neo4j-analytics",60214
18714008029,93178863553,1,0,31388124776,54,18452727,285212672,318,553821941,34693,3092077988,28,72,374428264,184,960597817,60259515263,2514,0,4,"neo4j-analytics",63352
18738901993,93265543705,1,0,31389663470,55,18367405,289406976,491,552812318,35184,3123376126,29,68,378862000,225,954393161,63394098190,2569,0,5,"neo4j-analytics",66517
18748748785,93311349788,1,0,31429275314,29,18794157,234881024,290,552591014,35474,3100994904,30,163,324574944,267,973362363,66561831265,2598,0,6,"neo4j-analytics",69663
18726186729,93217475170,1,0,31313945972,29,18436670,226492416,445,550512441,35919,3080942168,31,58,316493632,306,946724712,69703745601,2627,0,7,"neo4j-analytics",72785
18734344371,93255736971,1,0,31262246204,29,18069167,230686720,672,547735881,36631,3092256653,32,70,320927600,345,944892817,72825503561,2656,0,8,"neo4j-analytics",75918
18746271677,93274550448,1,0,31332488264,29,18483782,226492416,737,546025211,37368,3105090228,33,52,316972528,384,949100560,75959091064,2685,0,9,"neo4j-analytics",79064
18688525428,93097656134,1,0,30983064274,30,17988126,226492416,459,529301381,37827,3069605569,34,36,317211568,425,927087354,79106919904,2715,0,10,"neo4j-analytics",82177
18722232420,93206418080,1,0,30915578402,39,17733422,228589568,252,523150575,38079,3024356360,35,59,319547320,470,919471656,82223998746,2754,0,11,"neo4j-analytics",85248
18724238615,93186276611,1,0,30893172074,38,17841859,224395264,344,524206644,38423,3030702333,36,32,315367320,509,916947939,85289303115,2792,0,12,"neo4j-analytics",88320
18693324648,93093576308,1,0,30797049470,54,17466254,285212672,87,514715321,38552,3001997685,37,14,375867584,549,917919661,88362190678,2846,0,13,"neo4j-analytics",91364
18729351446,93226876521,1,0,30790644012,29,17665172,226492416,20,515763797,38613,2992195219,38,11,317148488,589,915326764,91405706521,2875,0,14,"neo4j-analytics",94398
18719104011,93165555848,1,0,30800935698,30,17621908,226492416,24,515608699,38637,2987670405,39,10,317149648,636,913046086,94447547043,2905,0,15,"neo4j-analytics",97435
18710713554,93137117477,1,0,30703469018,30,17617433,226492416,122,515295468,38759,2984320150,40,19,317144000,678,907562349,97479608512,2935,0,16,"neo4j-analytics",100464
18728524735,93210803911,1,0,30803385286,30,17695919,226492416,252,518210994,39011,3008527073,41,15,317131528,724,909849672,100512944088,2965,0,17,"neo4j-analytics",103521
18709057318,93139749872,1,0,30768402518,54,17579426,285212672,9,512928847,39020,3001742945,42,4,375812128,763,913207392,103563021843,3019,0,18,"neo4j-analytics",106565
18706268004,93134823535,1,0,30752206008,29,17412040,222298112,20,510728335,39040,2971928591,43,3,312898064,803,910965830,106608119534,3048,0,19,"neo4j-analytics",109580
18704467496,93131245414,1,0,30788394152,29,17610334,224395264,117,513396582,39159,2985505211,44,5,314995152,844,911661329,109623633113,3077,0,20,"neo4j-analytics",112609
18714902171,93169463621,1,0,30746519308,39,17544808,224395264,76,510565753,39235,2995527469,45,13,314962104,891,915801192,112658105402,3116,0,21,"neo4j-analytics",115654
18707464616,93128626509,1,0,30804413856,39,17568632,226492416,10,511083831,39245,2992436794,46,15,317059952,939,917003305,115704365108,3155,0,22,"neo4j-analytics",118697
18732230995,93238770939,1,0,30776413830,30,17549468,226492416,42,510856958,39287,2982237275,47,6,317060160,977,919495146,118737711042,3185,0,23,"neo4j-analytics",121720
18717486353,93169900994,1,0,30815412912,54,17581379,281018368,14,512260247,39301,3011232322,48,5,371586896,1021,912629230,121766256813,3239,0,24,"neo4j-analytics",124777
18708317703,93136474968,1,0,30765812478,77,17656363,281018368,3,510753440,39304,3022988444,49,5,371587312,1067,916992458,124826122469,3316,0,25,"neo4j-analytics",127849
18708718964,93147505330,1,0,30791259110,70,17537688,281018368,2,511622641,39306,3018518390,50,5,371587624,1112,915800509,127896475024,3386,0,26,"neo4j-analytics",130915
18729728463,93215463896,1,0,30837036096,55,17571687,281018368,11,515389383,39361,3016071869,51,5,371587936,1154,913784760,130960230260,3441,0,27,"neo4j-analytics",133976
18704482529,93130904112,1,0,30783665212,68,17566521,281018368,47,511299522,39408,3015021877,52,2,371588176,1197,915431297,134021009916,3509,0,28,"neo4j-analytics",137036
18711956572,93147708583,1,0,30813724422,30,17614177,226492416,15,511909891,39465,2985266532,53,4,317062608,1237,928094936,137079322529,3539,0,29,"neo4j-analytics",140065
18729098579,93228022739,1,0,30790199296,30,17521043,226492416,11,510988784,39476,2989948041,54,4,317062920,1276,915565060,140105454260,3569,0,30,"neo4j-analytics",143095
18715433067,93160211098,1,0,30805009244,30,17572644,226492416,15,512459743,39491,2987661192,55,12,317063232,1315,915414188,143137450650,3599,0,31,"neo4j-analytics",146125
18713484818,93151606731,1,0,30806516402,30,17542287,222298112,30,512730064,39521,2979429037,56,14,312869232,1354,919806154,146165956301,3629,0,32,"neo4j-analytics",149145
18710301871,93145486609,1,0,30814978124,53,17593136,285212672,67,512708976,39588,3018636653,57,9,375784456,1399,916995831,149193432560,3682,0,33,"neo4j-analytics",152212
18706636704,93135742589,1,0,30698001172,30,17518869,226492416,17,511084993,39605,2978470299,58,1,317067416,1441,911197280,152256323217,3712,0,34,"neo4j-analytics",155235
18702492918,93126055600,1,0,30740789830,37,17472953,220200960,1,508770647,39606,2978499676,59,3,310776384,1486,920637166,155282095978,3749,0,35,"neo4j-analytics",158261
18706205738,93130356003,1,0,30747803670,71,17628174,285212672,91,511192695,39697,3028013409,60,8,375788400,1525,907632223,158302440336,3820,0,36,"neo4j-analytics",161330
18729171964,93215269050,1,0,30807531978,29,17532777,226492416,121,512351467,39818,3002211530,61,8,317068464,1567,915781691,161375431291,3849,0,37,"neo4j-analytics",164378
18707158566,93134557195,1,0,30721041870,54,17516360,281018368,6,509239014,39824,2997582546,62,3,371595000,1613,912417063,164426632340,3903,0,38,"neo4j-analytics",167424
18719206383,93185829339,1,0,30724069472,54,17569718,285212672,2,508772593,39826,3001679280,63,2,375789712,1652,907293925,167464986071,3957,0,39,"neo4j-analytics",170467
18707890396,93138060003,1,0,30702975976,68,17485129,287309824,4,508861000,39830,3012839376,64,3,377887184,1690,908355527,170507169560,4025,0,40,"neo4j-analytics",173520
18712056251,93149212364,1,0,30718953194,39,17497965,224395264,1,508322888,39831,2985338151,65,1,314972928,1729,911577067,173561585951,4064,0,41,"neo4j-analytics",176547
18707363207,93136239890,1,0,30712069732,29,17507924,222298112,3,509010605,39834,2973460119,66,9,312876096,1769,910052140,176590283530,4093,0,42,"neo4j-analytics",179564
18717224504,93181941314,1,0,30809232586,29,17658565,226492416,117,513027472,39951,2992979302,67,16,317070712,1814,915420440,179611253166,4122,0,43,"neo4j-analytics",182604
18743379177,93268446339,1,0,30764650756,39,17600903,226492416,74,510931405,40025,2999537821,68,9,317071240,1857,910937581,182649759948,4161,0,44,"neo4j-analytics",185649
18718276571,93181470303,1,0,30675022378,30,17480124,226492416,2,508764899,40027,2980478029,69,6,317071544,1899,911951999,185692975473,4191,0,45,"neo4j-analytics",188673
18701951844,93125156098,1,0,30709488598,69,17465099,276824064,8,509161995,40035,3011637364,70,1,367403672,1943,910618359,188720957384,4260,0,46,"neo4j-analytics",191733
18702100322,93118301070,1,0,30730871904,30,17535790,226492416,15,508115635,40050,2984368994,71,3,317072336,1982,909581304,191774167339,4290,0,47,"neo4j-analytics",194759
18701042002,93121077641,1,0,30734285822,53,17442443,285212672,1,508504241,40051,2995747491,72,1,375792432,2023,913763213,194802348347,4343,0,48,"neo4j-analytics",197798
18701624340,93122972739,1,0,30721837862,53,17444901,281018368,8,508093148,40059,2998751674,73,2,371598808,2063,912940995,197840190227,4396,0,49,"neo4j-analytics",200839
18703804189,93128704597,1,0,30689218980,54,17456665,285212672,43,508172794,40103,2993690642,74,3,375793432,2103,912003665,200882115462,4450,0,50,"neo4j-analytics",203876
18704209530,93129139549,1,0,30705052242,66,17483368,283115520,1,508511350,40104,3011466687,75,4,373696688,2143,912947550,203917961745,4516,0,51,"neo4j-analytics",206929
18704916007,93133321688,1,0,30696183326,38,17424895,218103808,3,507787847,40107,2978807175,76,1,308685184,2182,910482726,206970901346,4554,0,52,"neo4j-analytics",209950
18703181449,93126216087,1,0,30721279120,28,17417104,222298112,2,508619486,40109,2971594931,77,2,312879800,2224,913664365,209994366605,4582,0,53,"neo4j-analytics",212966
18705985954,93133775159,1,0,30696631984,54,17450807,281018368,1,508750599,40110,2994226923,78,3,371600376,2266,908747002,213010891986,4636,0,54,"neo4j-analytics",216005
18701793482,93116880073,1,0,30712578980,38,17420778,222298112,2,507402103,40112,2979073487,79,2,312880464,2308,912832143,216049795830,4674,0,55,"neo4j-analytics",219029
18701722662,93123669712,1,0,30716722460,53,17470957,281018368,1,508623352,40113,2991506964,80,3,371601096,2353,908450523,219075659164,4727,0,56,"neo4j-analytics",222067
18712839926,93165262332,1,0,30716399946,29,17586638,226492416,47,508208279,40160,2970718982,81,1,317075456,2396,913981039,222112481973,4756,0,57,"neo4j-analytics",225083
18704332626,93131843541,1,0,30738748312,53,17468663,285212672,0,508578653,40160,2997540301,82,4,375796024,2440,912044716,225130503078,4809,0,58,"neo4j-analytics",228128
18710618963,93143835198,1,0,30721020846,39,17483080,224395264,1,508978136,40161,2985437053,83,2,314978960,2485,918484241,228175687100,4848,0,59,"neo4j-analytics",231161
18708286423,93139530788,1,0,30738985124,70,17546187,283115520,7,509309778,40168,3016293686,84,5,373699496,2526,908947173,231204174720,4918,0,60,"neo4j-analytics",234220
18712729972,93163734680,1,0,30713639524,30,17433535,226492416,45,508100629,40213,2974526295,85,1,317076704,2568,909447200,234264891341,4948,0,61,"neo4j-analytics",237239
18706510566,93130244600,1,0,30709322596,55,17439296,281018368,0,508535416,40213,2999344824,86,0,371602968,2609,920006668,237282948801,5003,0,62,"neo4j-analytics",240282
18702884671,93119520424,1,0,30744306094,30,17525154,226492416,10,509142147,40223,2979502030,87,5,317077328,2650,916496088,240325686155,5033,0,63,"neo4j-analytics",243305
18701888560,93117284169,1,0,30722126504,30,17651570,222298112,23,509997145,40247,2975810276,88,35,312882864,2688,911320599,243346755036,5063,0,64,"neo4j-analytics",246323
18718946651,93177981777,1,0,30714305722,30,17476038,222298112,2,509021063,40249,2976303599,89,2,312883544,2731,913176226,246367881591,5093,0,65,"neo4j-analytics",249344
18700454154,93120327032,1,0,30715170626,37,17456371,218103808,2,508767733,40251,2982316878,90,1,308695032,2773,919620133,249389291608,5130,0,66,"neo4j-analytics",252372
18702660810,93126212362,1,0,30738102992,53,17436939,285212672,14,509538730,40265,2996787210,91,3,375804208,2819,916426248,252419693528,5183,0,67,"neo4j-analytics",255416
18727163915,93220489924,1,0,30743491268,55,17428790,281018368,14,509131650,40279,3004229963,92,4,371610248,2857,913455317,255456959686,5238,0,68,"neo4j-analytics",258461
18707402270,93136401929,1,0,30739783014,72,17417570,281018368,26,509267786,40305,3019215446,93,3,371610528,2900,916965928,258507198538,5310,0,69,"neo4j-analytics",261526
18706001159,93132048896,1,0,30718891874,40,17457507,226492416,0,509000988,40305,2984572985,94,0,317084784,2941,911147004,261570347278,5350,0,70,"neo4j-analytics",264555
18706006166,93132395552,1,0,30738331190,54,17457249,281018368,43,509064611,40348,3001210914,95,3,371611056,2982,919262112,264598268944,5404,0,71,"neo4j-analytics",267599
18705917878,93130718051,1,0,30710189690,54,17435373,281018368,0,508388649,40348,2996723189,96,0,371611464,3026,914277829,267646052615,5458,0,72,"neo4j-analytics",270643
18707122850,93132420214,1,0,30707241366,30,17531692,222298112,16,508621852,40364,2975314870,97,2,312891416,3071,909352925,270691086086,5488,0,73,"neo4j-analytics",273666
18712617650,93164937136,1,0,30749705758,30,17433493,222298112,17,509191200,40381,2980986300,98,4,312891832,3118,917871042,273715260073,5518,0,74,"neo4j-analytics",276696
18705793071,93130889874,1,0,30724268762,30,17447787,226492416,11,509128096,40392,2976751435,99,8,317086448,3162,919495761,276742883616,5548,0,75,"neo4j-analytics",279720
18703632440,93125310981,1,0,30709288140,39,17475085,222298112,0,508786763,40392,2984677456,100,1,312893112,3200,914276690,279761229450,5587,0,76,"neo4j-analytics",282746
18706910686,93137574694,1,0,30723121640,29,17430850,226492416,0,508420059,40392,2974253013,101,1,317088296,3245,913156165,282793679140,5616,0,77,"neo4j-analytics",285768
18707106862,93135444322,1,0,30713909624,30,17524165,226492416,1,508489506,40393,2975336380,102,2,317088608,3285,914188612,285810731771,5646,0,78,"neo4j-analytics",288786
18702395362,93120557934,1,0,30695210820,30,17430021,226492416,8,507941358,40401,2973733940,103,2,317088920,3331,909155654,288834519075,5676,0,79,"neo4j-analytics",291808
18707142613,93136115735,1,0,30708859338,30,17462804,226492416,0,508648937,40401,2976436887,104,0,317089584,3375,916214280,291854812310,5706,0,80,"neo4j-analytics",294831
18695403892,93102387709,1,0,30704290852,70,17458120,287309824,21,510326002,40422,3015370570,105,1,377907304,3421,918236255,294880029918,5776,0,81,"neo4j-analytics",297895
18704870836,93129783294,1,0,30719680274,54,17485315,285212672,0,510269006,40422,3004628656,106,0,375810464,3461,917638312,297938142191,5830,0,82,"neo4j-analytics",300943
18722899167,93208482068,1,0,30716338772,72,17424500,287309824,0,509428516,40422,3018502711,107,1,377907928,3505,918540739,300989016116,5902,0,83,"neo4j-analytics",304008
18703724386,93125216447,1,0,30718483366,30,17481775,226492416,2,510321073,40424,2978587810,108,2,317090832,3544,915734384,304049234801,5932,0,84,"neo4j-analytics",307028
18706524197,93132577172,1,0,30724894518,39,17469055,220200960,0,508522738,40424,2988108309,109,0,310799688,3583,915159573,307069414382,5971,0,85,"neo4j-analytics",310058
18705155415,93129128334,1,0,30711627206,39,17445823,226492416,1,508665783,40425,2985357962,110,3,317091456,3628,911098661,310106109277,6010,0,86,"neo4j-analytics",313091
18710033057,93143279812,1,0,30729867570,30,17486500,226492416,1,508700177,40426,2976979657,111,1,317091768,3667,907569214,313133320922,6040,0,87,"neo4j-analytics",316110
18702538643,93117275305,1,0,30695642834,75,17427392,281018368,0,507455229,40426,3018236767,112,0,371618368,3705,911966861,316150366778,6115,0,88,"neo4j-analytics",319169
18703832678,93128353604,1,0,30722081682,39,17484402,222298112,10,509245220,40436,2986472626,113,1,312898424,3746,913957989,319212821295,6154,0,89,"neo4j-analytics",322199
18705826034,93131064963,1,0,30711187162,39,17515095,224395264,0,509393878,40436,2985635575,114,0,314995888,3790,914199008,322245331944,6193,0,90,"neo4j-analytics",325231
18704269480,93127706718,1,0,30720930764,30,17480985,226492416,0,509813741,40436,2978596181,115,0,317093352,3828,916070622,325271862933,6223,0,91,"neo4j-analytics",328250
18701636839,93116344402,1,0,30694294816,39,17407387,220200960,0,509336455,40436,2985448287,116,0,310802296,3875,917770921,328300314776,6262,0,92,"neo4j-analytics",331286
18707306928,93133867044,1,0,30698587508,40,17447963,220200960,0,508369789,40436,2985575936,117,0,310802520,3918,913202550,331332219466,6302,0,93,"neo4j-analytics",334318
18705964898,93130112693,1,0,30711066128,55,17453306,285212672,0,508186671,40436,3001601507,118,2,375814544,3958,912029805,334360268430,6357,0,94,"neo4j-analytics",337362
18707620477,93135559019,1,0,30693298220,29,17443018,222298112,1,507805093,40437,2973685179,119,1,312900296,3998,913213644,337405111524,6386,0,95,"neo4j-analytics",340379
18719180328,93180704512,1,0,30698020590,30,17564422,226492416,5,509916967,40442,2978834596,120,18,317094808,4037,916950910,340420367410,6416,0,96,"neo4j-analytics",343399
18726972168,93217453388,1,0,30725056578,29,17581334,226492416,15,508766818,40457,2974682052,121,2,317095224,4081,917456263,343446012898,6445,0,97,"neo4j-analytics",346421
18709113415,93139552940,1,0,30736614668,39,17499205,224395264,1,509747431,40458,2987471834,122,1,314998384,4126,914109316,346468399210,6484,0,98,"neo4j-analytics",349456
18715980607,93172849079,1,0,30722623926,39,17398081,226492416,2,509358379,40460,2986455244,123,1,317095848,4166,917772316,349498539620,6523,0,99,"neo4j-analytics",352485
18707646332,93134980877,1,0,30734604248,54,17452823,281018368,32,510179004,40492,3008407086,124,2,371622112,4208,912595608,352529885359,6577,0,100,"neo4j-analytics",355538
18702551597,93126200860,1,0,30725512682,70,17476830,278921216,0,509533009,40492,3015044859,125,0,369526792,4251,923567356,355583842705,6647,0,101,"neo4j-analytics",358599
18729111987,93225462254,1,0,30747780456,30,17417611,226492416,0,509563068,40492,2980760865,126,1,317098304,4295,916374726,358645094103,6677,0,102,"neo4j-analytics",361626
18707987953,93137066634,1,0,30720937480,66,17478912,287309824,0,509572250,40492,3014823708,127,1,377915920,4338,916251107,361672018997,6743,0,103,"neo4j-analytics",364687
18699462487,93113697573,1,0,30721300144,30,17437554,222298112,1,508793906,40493,2973944810,128,2,312904152,4379,920663307,364730743199,6773,0,104,"neo4j-analytics",367705
18705615035,93129558663,1,0,30723661548,29,17457902,226492416,0,509178414,40493,2977444000,129,0,317099264,4417,914499357,367746262016,6802,0,105,"neo4j-analytics",370724
18703471387,93124520537,1,0,30709074688,39,17498298,220200960,0,509693343,40493,2986526069,130,0,310808144,4455,909395847,370764325961,6841,0,106,"neo4j-analytics",373751
18706988592,93137352101,1,0,30707932676,65,17510286,289406976,0,510004431,40493,3018013558,131,1,380014392,4500,914433634,373798471897,6906,0,107,"neo4j-analytics",376816
18702321043,93124748527,1,0,30726536580,53,17528613,285212672,2,509082568,40495,2997235362,132,1,375821176,4543,919606950,376862419352,6959,0,108,"neo4j-analytics",379860
18703979708,93126545652,1,0,30730523548,40,17471369,226492416,1,509088242,40496,2989013132,133,1,317101256,4582,914953531,379901257464,6999,0,109,"neo4j-analytics",382890
18706423050,93131017035,1,0,30737731276,54,17461232,285212672,2,509408936,40498,3003600904,134,1,375821816,4625,913154159,382935988443,7053,0,110,"neo4j-analytics",385940
18707262385,93137589199,1,0,30706795190,64,17433898,281018368,0,509203305,40498,3008520209,135,0,371627952,4665,913353046,385982917607,7117,0,111,"neo4j-analytics",388991
18707775116,93136452514,1,0,30722950090,71,17481331,281018368,0,510408037,40498,3016801779,136,0,371628288,4703,918257226,389032060166,7188,0,112,"neo4j-analytics",392049
18700795653,93118239976,1,0,30715069156,38,17413887,220200960,0,509420010,40498,2984096177,137,0,310811112,4748,913991779,392096524376,7226,0,113,"neo4j-analytics",395081
18706598372,93132581259,1,0,30703244762,66,17428614,285212672,0,509697592,40498,3012469599,138,1,375823264,4793,917814114,395128254961,7292,0,114,"neo4j-analytics",398141
