"branch_instructions","instructions","jmx_memory_young_collection_delta","jmx_memory_old_collection_delta","ref_cycles","jmx_memory_young_collection_time_ms","branch_misses","jmx_memory_used_delta","compilation_time_ms","cache_misses","compilation_total_ms","iteration_time_ns","jmx_memory_young_collection_count","JVM_COMPILATIONS","jmx_memory_used_size","jmx_memory_old_collection_total_ms","cache_references","uptime_ns","jmx_memory_young_collection_total_ms","jmx_memory_old_collection_time_ms","jmx_memory_old_collection_count","benchmark","total_ms"
22550236324,115137607845,12,0,54022182408,184,96471646,729319104,12253,729389281,32857,7160348190,28,6721,811626360,40,3353480972,43532630955,2339,0,1,"neo4j-analytics",50693
19012229997,95551708610,1,0,34416966024,11,18557994,7028258704,2134,426331176,34996,4243566523,29,589,7116988736,93,849394636,50748515902,2350,0,2,"neo4j-analytics",54992
19337008864,96438321983,1,0,33003726320,62,17771569,413823648,712,547580934,35708,3310200506,30,245,502806112,147,948646928,55047205324,2412,0,3,"neo4j-analytics",58357
19464749389,96775697109,1,0,32831902570,53,18241045,2717908992,408,553442812,36117,3156630117,31,70,2807130584,186,958480506,58398600319,2465,0,4,"neo4j-analytics",61555
19506628524,96914544761,1,0,32950999588,53,18096944,423624704,266,563834586,36383,3173958528,32,59,513085600,232,970269987,61603184068,2518,0,5,"neo4j-analytics",64777
19513278261,96940788703,1,0,33042983822,53,18281848,423624704,372,566081702,36755,3199237819,33,124,513324040,273,981925854,64819645510,2571,0,6,"neo4j-analytics",68019
19495429625,96890358698,1,0,33015477130,53,18034501,423624704,724,567591849,37479,3201889074,34,65,513630920,312,968707457,68060098590,2624,0,7,"neo4j-analytics",71262
19497545889,96873186146,1,0,32730540610,53,17608458,419430400,312,550105349,37791,3167600205,35,55,509675744,351,958122907,71302568768,2677,0,8,"neo4j-analytics",74470
19460346231,96756061261,1,0,32827840704,53,17506661,419430400,915,556340306,38706,3180811210,36,61,509914688,392,965605515,74512146544,2730,0,9,"neo4j-analytics",77693
19464631503,96732074380,1,0,32605924792,54,17438924,419430400,460,542043347,39166,3168374513,37,50,510156768,432,937528866,77735496970,2784,0,10,"neo4j-analytics",80904
19461330649,96727183172,1,0,32456858208,66,17335088,419430400,426,535566509,39592,3164193389,38,61,510396344,473,934129544,80946069967,2850,0,11,"neo4j-analytics",84110
19454787877,96728680238,1,0,32317689402,53,17240739,415236096,236,526421003,39829,3141239650,39,29,506204352,515,919435968,84153887794,2903,0,12,"neo4j-analytics",87295
19459483286,96745992272,1,0,32276117946,53,17245231,415236096,129,525248277,39959,3134638146,40,17,505887728,556,925890897,87338800137,2956,0,13,"neo4j-analytics",90473
19466958248,96753865268,1,0,32280010014,52,17125055,415236096,43,523259822,40003,3130000386,41,5,505888440,597,931506392,90516053036,3008,0,14,"neo4j-analytics",93646
19482465942,96813484194,1,0,32333517554,64,17127295,413138944,70,525162093,40073,3151645758,42,13,503791368,638,935491737,93688724793,3072,0,15,"neo4j-analytics",96840
19466602329,96754698172,1,0,32300347668,53,17215881,415236096,27,522395140,40101,3138338845,43,11,505882872,679,932081881,96882956998,3125,0,16,"neo4j-analytics",100021
19455286917,96714187821,1,0,32303733408,53,17145237,415236096,223,521721602,40324,3144161830,44,10,505870128,720,929797421,100063484278,3178,0,17,"neo4j-analytics",103208
19474868347,96776486940,1,0,32279070212,63,17064444,413138944,5,519421986,40329,3148519216,45,2,503734096,759,925345675,103248949279,3241,0,18,"neo4j-analytics",106397
19466250136,96748895174,1,0,32310150254,70,17087700,411041792,28,518394462,40357,3159915301,46,3,501637352,802,930067248,106441575643,3311,0,19,"neo4j-analytics",109601
19475126930,96788129723,1,0,32297394526,53,17118057,415236096,119,519602748,40518,3138723559,47,8,505798112,842,922585193,109643941474,3364,0,20,"neo4j-analytics",112783
19455538348,96702004281,1,0,32213257062,53,16998497,415236096,71,517963863,40589,3126923610,48,17,505798680,883,929385055,112824552226,3417,0,21,"neo4j-analytics",115951
19455819665,96709325289,1,0,32244595086,53,16924999,415236096,26,515648378,40616,3137956731,49,9,505799144,923,919306649,115993319955,3470,0,22,"neo4j-analytics",119131
19498644410,96870613103,1,0,32292347160,53,17132910,415236096,54,520063885,40670,3141183994,50,11,505799456,964,925339327,119173277869,3523,0,23,"neo4j-analytics",122314
19491080052,96849871554,1,0,32208742158,52,16988935,415236096,41,517877894,40711,3132285760,51,3,505799768,1004,920134092,122356288767,3575,0,24,"neo4j-analytics",125489
19453989913,96710603750,1,0,32192063410,53,16875269,415236096,2,515368680,40713,3134909248,52,2,505800280,1044,928539479,125529699884,3628,0,25,"neo4j-analytics",128665
19487766581,96837133066,1,0,32208031576,64,16898762,415236096,9,517588766,40722,3135237614,53,7,505800592,1082,916903824,128704502626,3692,0,26,"neo4j-analytics",131840
19453808214,96710769749,1,0,32184159992,63,16958218,413138944,62,516861031,40784,3139263107,54,2,503703528,1121,920113931,131879793439,3755,0,27,"neo4j-analytics",135019
19462887094,96730274406,1,0,32225641658,64,17044053,415236096,55,518897207,40839,3134988864,55,3,505800992,1162,920788903,135061145191,3819,0,28,"neo4j-analytics",138196
19473506808,96768549662,1,0,32220037302,53,16978447,415236096,5,518102256,40885,3126342014,56,4,505801312,1202,925865305,138237468959,3872,0,29,"neo4j-analytics",141364
19470057119,96771074109,1,0,32189806980,53,16937216,415236096,5,515722673,40890,3130206475,57,7,505801616,1245,921212594,141408803125,3925,0,30,"neo4j-analytics",144539
19461164415,96732871079,1,0,32201655026,67,16924206,413138944,15,517628260,40905,3151706440,58,7,503704832,1286,924683063,144581051459,3992,0,31,"neo4j-analytics",147733
19486326682,96834122907,1,0,32159531106,53,16917647,415236096,2,516564211,40907,3130057626,59,10,505802400,1326,916585244,147774356533,4045,0,32,"neo4j-analytics",150904
19463667231,96752474564,1,0,32208956924,66,16901287,413138944,70,515708999,40977,3154313528,60,7,503705560,1367,921655092,150946848380,4111,0,33,"neo4j-analytics",154101
19475760604,96787419724,1,0,32195384180,69,16905865,413138944,22,514268917,40999,3154005025,61,5,503708784,1408,915464232,154143089836,4180,0,34,"neo4j-analytics",157297
19479930755,96800060518,1,0,32187830140,69,16930375,413138944,15,515401137,41014,3144774650,62,4,503709824,1448,918992722,157338699583,4249,0,35,"neo4j-analytics",160483
19462008652,96734708787,1,0,32229893178,64,16868811,413138944,117,517248347,41131,3147993563,63,6,503710304,1489,921067667,160526416197,4313,0,36,"neo4j-analytics",163674
19460445319,96726585968,1,0,32225977458,54,16925075,415236096,25,514620939,41156,3136266447,64,8,505808216,1530,926925024,163716412526,4367,0,37,"neo4j-analytics",166853
19456361966,96715656472,1,0,32203675082,53,16910489,415236096,0,514824825,41156,3136765294,65,1,505808576,1570,928686716,166894169190,4420,0,38,"neo4j-analytics",170031
19475972331,96787399281,1,0,32190271990,67,16883310,415236096,6,513875185,41162,3158076808,66,4,505775064,1610,917051336,170072415381,4487,0,39,"neo4j-analytics",173230
19474108883,96769777945,1,0,32183570152,52,16926747,415236096,1,514472028,41163,3130916205,67,3,505775352,1651,918735935,173273831957,4539,0,40,"neo4j-analytics",176405
19467740849,96752654122,1,0,32196504000,70,16886401,411041792,5,515710043,41168,3143843499,68,3,501581456,1695,921906735,176449913525,4609,0,41,"neo4j-analytics",179594
19464230233,96742421839,1,0,32187656984,69,16893739,411041792,2,515653125,41170,3144441939,69,7,501581672,1737,920045941,179637808999,4678,0,42,"neo4j-analytics",182782
19452337524,96699190013,1,0,32192994160,70,16936995,411041792,88,516212487,41259,3148440979,70,24,501582080,1781,918548961,182826681997,4748,0,43,"neo4j-analytics",185975
19471637866,96759425406,1,0,32189269992,52,16972471,415236096,39,514797312,41298,3133005571,71,10,505776904,1821,920692925,186016934303,4800,0,44,"neo4j-analytics",189150
19474673124,96773395662,1,0,32193928414,53,16919146,415236096,0,515824458,41298,3126905647,72,0,505777216,1859,921014031,189189986021,4853,0,45,"neo4j-analytics",192317
19469723481,96758874275,1,0,32193286598,53,16903328,415236096,8,514459527,41306,3129311296,73,3,505777528,1898,916794349,192356954124,4906,0,46,"neo4j-analytics",195486
19479823484,96802686292,1,0,32249755164,66,16910028,415236096,2,514893414,41308,3151658958,74,1,505777840,1937,924936702,195527683568,4972,0,47,"neo4j-analytics",198679
19467786911,96751788172,1,0,32171105110,70,16884674,413138944,0,513677466,41308,3143179558,75,1,503681000,1975,918697511,198718492902,5042,0,48,"neo4j-analytics",201862
19475690000,96778392721,1,0,32235848080,64,16960181,413138944,3,515818425,41311,3144237999,76,3,503681312,2014,931580695,201901979322,5106,0,49,"neo4j-analytics",205046
19459818590,96727528545,1,0,32152776416,68,16916248,413138944,5,513810773,41316,3155915532,77,3,503681624,2054,917966441,205087972277,5174,0,50,"neo4j-analytics",208244
19496149667,96852019177,1,0,32237963766,69,16998936,411041792,2,515556044,41318,3157122400,78,5,501584784,2093,919192409,208284029558,5243,0,51,"neo4j-analytics",211441
19471878757,96757848942,1,0,32150728328,53,16899697,415236096,16,514117664,41334,3127652151,79,4,505779400,2131,913514491,211480612148,5296,0,52,"neo4j-analytics",214608
19488944214,96829601229,1,0,32214019474,70,16987435,411041792,0,514938848,41334,3144654907,80,0,501585408,2170,918953047,214649043517,5366,0,53,"neo4j-analytics",217794
19477797823,96783676318,1,0,32205254656,53,16943659,415236096,1,515238660,41335,3134894119,81,4,505779304,2210,916267197,217835242731,5419,0,54,"neo4j-analytics",220970
19474063459,96782126804,1,0,32225921248,53,16904176,413138944,12,514625220,41347,3139982742,82,4,503682464,2249,929393587,221010514882,5472,0,55,"neo4j-analytics",224150
19477241185,96790897220,1,0,32172388596,64,16832828,415236096,3,513548925,41350,3138866722,83,3,505779928,2288,921467049,224190381006,5536,0,56,"neo4j-analytics",227329
19461733474,96725287855,1,0,32152804448,70,16899864,411041792,0,512734380,41350,3145184088,84,3,501585936,2327,919347075,227369563481,5606,0,57,"neo4j-analytics",230515
19474717517,96775659968,1,0,32220766864,63,16966530,415236096,0,515505031,41350,3137066152,85,0,505780552,2366,923595150,230554871072,5669,0,58,"neo4j-analytics",233692
19472324041,96767336694,1,0,32225624722,53,16920839,415236096,0,514260903,41350,3132967293,86,0,505780864,2405,923081657,233732578855,5722,0,59,"neo4j-analytics",236866
19475544352,96776340994,1,0,32254805596,64,16954589,413138944,19,515938520,41369,3139314838,87,6,503684024,2445,924411016,236907235388,5786,0,60,"neo4j-analytics",240047
19483346358,96813694997,1,0,32222416810,69,16930521,417333248,42,514660200,41450,3144812504,88,4,507878640,2484,916497373,240086748369,5855,0,61,"neo4j-analytics",243232
19467084080,96746996781,1,0,32206241908,53,16892893,415236096,10,515828362,41460,3125937001,89,1,505782520,2522,934414772,243271484360,5908,0,62,"neo4j-analytics",246397
19476391194,96778020000,1,0,32195316290,70,16931550,413138944,0,514435897,41460,3155883273,90,1,503685680,2561,917085466,246437730440,5978,0,63,"neo4j-analytics",249594
19493058095,96851933951,1,0,32233162410,53,16974933,415236096,10,516786675,41510,3130461955,91,22,505783144,2601,917380603,249634213601,6031,0,64,"neo4j-analytics",252765
19499646148,96867382996,1,0,32249645956,70,16982424,413138944,11,514373311,41522,3153680986,92,5,503686304,2640,922871740,252804857582,6101,0,65,"neo4j-analytics",255959
19489829064,96832750565,1,0,32238211820,53,16912985,415236096,6,515169268,41528,3130281827,93,3,505789144,2680,916618270,255999839249,6154,0,66,"neo4j-analytics",259130
19475075084,96777322489,1,0,32213271078,53,16952652,415236096,39,516536480,41567,3123115906,94,1,505789456,2717,924255520,259168891984,6207,0,67,"neo4j-analytics",262292
19468482414,96757825894,1,0,32208387816,68,16986370,411041792,45,515538437,41612,3147020707,95,4,501595464,2756,925541034,262331884345,6275,0,68,"neo4j-analytics",265479
19480771831,96792404573,1,0,32242635912,70,16972102,411041792,27,516222230,41639,3148292530,96,1,501595776,2795,927650820,265519586845,6345,0,69,"neo4j-analytics",268668
19474206026,96770605418,1,0,32198974758,66,16981953,413138944,7,514676221,41646,3138895653,97,3,503693240,2834,922152167,268708630398,6411,0,70,"neo4j-analytics",271848
19484767326,96813003846,1,0,32252775320,53,17015700,415236096,2,515810603,41648,3131727721,98,3,505790704,2872,930831954,271887396001,6464,0,71,"neo4j-analytics",275019
19480185782,96800558349,1,0,32190712764,68,16980803,413138944,20,514469912,41668,3143767513,99,2,503693864,2911,921800758,275059237175,6532,0,72,"neo4j-analytics",278203
19491584960,96836899707,1,0,32243259186,70,16937556,413138944,5,516459447,41673,3149344856,100,2,503694176,2950,927185422,278243731297,6602,0,73,"neo4j-analytics",281393
19490655409,96846482585,1,0,32208366646,53,16939603,415236096,2,514560605,41675,3130959011,101,3,505791672,2989,922731383,281433912840,6655,0,74,"neo4j-analytics",284565
19470749756,96763605338,1,0,32236145920,53,16926434,415236096,23,516933431,41698,3128990643,102,8,505791952,3028,921803531,284604883937,6708,0,75,"neo4j-analytics",287734
19472385523,96766315540,1,0,32190562822,68,16910306,411041792,0,514269725,41698,3143000165,103,0,501599184,3067,922401810,287774541052,6776,0,76,"neo4j-analytics",290918
19472095854,96767668934,1,0,32219984742,64,16977269,415236096,1,514324825,41699,3150661161,104,1,505793800,3107,921996272,290958531522,6840,0,77,"neo4j-analytics",294109
19464668744,96740516710,1,0,32190687214,53,16894437,415236096,0,512274240,41699,3133515280,105,1,505794112,3146,919951584,294149680852,6893,0,78,"neo4j-analytics",297283
19475440974,96776781297,1,0,32243053764,70,16953570,413138944,0,515993127,41699,3145383398,106,0,503697272,3185,931551638,297324182009,6963,0,79,"neo4j-analytics",300470
19471833663,96763916183,1,0,32202095362,64,16928032,411041792,0,513938325,41699,3137244875,107,0,501600432,3225,920063606,300511190470,7027,0,80,"neo4j-analytics",303648
19482074086,96807091236,1,0,32249487254,65,16993646,411041792,2,515178865,41740,3146561700,108,2,501600744,3264,936292766,303688484909,7092,0,81,"neo4j-analytics",306835
19466024965,96750635505,1,0,32201090736,53,16956942,415236096,2,514779602,41742,3125898366,109,1,505795392,3303,916107063,306875250094,7145,0,82,"neo4j-analytics",310001
19466987912,96752492430,1,0,32190454198,70,16947958,411041792,1,514452739,41743,3143942687,110,4,501601368,3342,923225350,310041537553,7215,0,83,"neo4j-analytics",313185
19490017637,96832711488,1,0,32233533104,53,16956773,415236096,1,515171975,41744,3132725146,111,1,505796320,3381,921880787,313225773417,7268,0,84,"neo4j-analytics",316358
19469351069,96755211891,1,0,32199998364,53,16905917,415236096,0,514973498,41744,3128118169,112,0,505796632,3421,929028656,316399935680,7321,0,85,"neo4j-analytics",319528
19471695323,96764737990,1,0,32204789354,53,16932065,415236096,1,514870428,41745,3131581124,113,2,505796944,3459,918293352,319568165038,7374,0,86,"neo4j-analytics",322700
19475938620,96778352179,1,0,32218535254,70,16925229,413138944,0,515804292,41745,3145912575,114,1,503700104,3501,928377467,322742514845,7444,0,87,"neo4j-analytics",325888
19472538944,96760101336,1,0,32195798236,53,16903460,415236096,12,513795325,41757,3134775829,115,3,505797568,3540,924982057,325929236450,7497,0,88,"neo4j-analytics",329064
19474951710,96774668536,1,0,32218910912,63,16927468,415236096,0,516866623,41757,3137068117,116,0,505797880,3578,925768415,329102882895,7560,0,89,"neo4j-analytics",332240
19469277362,96756644524,1,0,32220360108,70,16934027,413138944,1,514509225,41758,3144717587,117,1,503701040,3619,923495073,332282800565,7630,0,90,"neo4j-analytics",335428
19474925947,96778992784,1,0,32272433490,53,17047788,415236096,10,517164906,41768,3134349928,118,1,505798504,3659,930809480,335468809170,7683,0,91,"neo4j-analytics",338603
19475507296,96777793845,1,0,32209479750,53,16985579,415236096,20,516273235,41788,3127191392,119,3,505798816,3697,922850196,338643610800,7736,0,92,"neo4j-analytics",341771
19469824081,96758488781,1,0,32214411630,63,16908854,415236096,1,515197850,41789,3140835767,120,1,505799576,3736,931125976,341811339250,7799,0,93,"neo4j-analytics",344952
19473861212,96772304511,1,0,32209231988,64,16999863,413138944,0,515473618,41789,3135110717,121,0,503702736,3779,919299063,344996408076,7863,0,94,"neo4j-analytics",348132
19471755525,96765786434,1,0,32202747398,53,16926118,415236096,0,514654007,41789,3136351782,122,1,505800200,3818,917031906,348172194097,7916,0,95,"neo4j-analytics",351309
19457279491,96712036015,1,0,32153439694,53,16898876,415236096,17,513173886,41806,3127199686,123,26,505800544,3858,916926213,351349028227,7969,0,96,"neo4j-analytics",354476
19468489300,96743378296,1,0,32225703416,70,16998341,413138944,38,514876103,41844,3150250560,124,3,503703672,3899,925245194,354519373267,8039,0,97,"neo4j-analytics",357670
19464719301,96742849238,1,0,32222807214,64,16882774,415236096,0,514371059,41844,3142851445,125,0,505800416,3938,921676939,357710000362,8103,0,98,"neo4j-analytics",360853
19474329150,96768985616,1,0,32221979394,68,16945728,411041792,0,516551427,41844,3142548028,126,0,501606424,3980,928847639,360895923360,8171,0,99,"neo4j-analytics",364038
19474461731,96770009078,1,0,32210824264,53,16908208,415236096,0,515542226,41844,3126085435,127,0,505801072,4019,919999187,364079160074,8224,0,100,"neo4j-analytics",367205
19466794095,96749060513,1,0,32208797784,53,16938988,415236096,1,516040050,41845,3126872363,128,1,505801352,4058,916805408,367245832847,8277,0,101,"neo4j-analytics",370373
19470192670,96760448424,1,0,32260860070,65,16986496,413138944,0,515203280,41845,3157946176,129,1,503704536,4099,920929970,370414687953,8342,0,102,"neo4j-analytics",373573
19464041756,96741251121,1,0,32204601744,53,16938629,415236096,1,515098576,41846,3128158551,130,2,505802056,4138,921284972,373613376271,8395,0,103,"neo4j-analytics",376742
19476685447,96783576206,1,0,32200674490,53,16866239,415236096,0,514681300,41846,3129089044,131,1,505802360,4177,920235115,376781649955,8448,0,104,"neo4j-analytics",379911
19461303826,96728433144,1,0,32210059954,70,16874389,411041792,0,513644412,41846,3145834492,132,0,501608392,4216,915338671,379951241752,8518,0,105,"neo4j-analytics",383097
19467551414,96750700595,1,0,32211373078,66,16935308,417333248,0,515259824,41846,3144422221,133,0,507900184,4257,922520518,383139834582,8584,0,106,"neo4j-analytics",386284
19481422000,96802679544,1,0,32203855538,70,16924040,413138944,2,514411943,41848,3146892093,134,4,503706936,4297,918977548,386324843990,8654,0,107,"neo4j-analytics",389472
19477809125,96792724636,1,0,32260230956,63,16871233,415236096,0,516758059,41848,3145576040,135,0,505804424,4335,926539745,389510802714,8717,0,108,"neo4j-analytics",392656
19471582424,96779230578,1,0,32212660944,69,16951257,413138944,2,516015913,41850,3145114278,136,1,503707608,4376,925844864,392699365970,8786,0,109,"neo4j-analytics",395844
19465797989,96748355034,1,0,32273826038,69,16968328,413138944,10,517609023,41860,3147450315,137,1,503707944,4416,931652110,395885207000,8855,0,110,"neo4j-analytics",399033
19477386514,96793804681,1,0,32206786050,66,16957520,413138944,1,515063651,41861,3140751087,138,2,503708280,4455,920300557,399073297966,8921,0,111,"neo4j-analytics",402214
19470993764,96757668990,1,0,32243552938,53,16987785,415236096,0,515692152,41861,3132293995,139,0,505805768,4494,924504364,402254287382,8974,0,112,"neo4j-analytics",405387
19476597299,96789790982,1,0,32165239560,67,16903543,413138944,0,514950775,41861,3138556020,140,1,503708952,4533,917167985,405427475683,9041,0,113,"neo4j-analytics",408566
19466710340,96748199146,1,0,32198221398,70,16968437,413138944,0,516383413,41861,3143783395,141,0,503709288,4573,923290569,408607835420,9111,0,114,"neo4j-analytics",411752
19483432381,96809497762,1,0,32246452790,53,16925375,415236096,0,515284780,41900,3133804170,142,0,505806776,4613,923870547,411792078671,9164,0,115,"neo4j-analytics",414926
19463175685,96736378656,1,0,32195684940,64,16934521,413138944,0,514119753,41900,3136549047,143,0,503709960,4651,921721311,414965959215,9228,0,116,"neo4j-analytics",418103
19453925187,96710038241,1,0,32181215464,69,16864720,411041792,1,513201976,41901,3155673821,144,2,501613144,4691,921494395,418143303930,9297,0,117,"neo4j-analytics",421299
19456840302,96717537306,1,0,32205515120,74,16883406,413138944,0,514410957,41901,3152207883,145,1,503710664,4729,920104112,421338875705,9371,0,118,"neo4j-analytics",424491
19464017730,96741799399,1,0,32220024016,53,16932466,415236096,0,516924337,41901,3124861806,146,0,505808120,4768,924090942,424531389704,9424,0,119,"neo4j-analytics",427656
19482828089,96810887858,1,0,32226023448,53,16914703,415236096,0,516371846,41901,3130337768,147,1,505808456,4807,917170568,427696428782,9477,0,120,"neo4j-analytics",430827
19457536608,96713016540,1,0,32207837396,53,16949667,415236096,4,514496254,41905,3125550392,148,2,505808792,4846,917705731,430866795202,9530,0,121,"neo4j-analytics",433992
