"branch_instructions","instructions","jmx_memory_young_collection_delta","jmx_memory_old_collection_delta","ref_cycles","jmx_memory_young_collection_time_ms","branch_misses","jmx_memory_used_delta","compilation_time_ms","cache_misses","compilation_total_ms","iteration_time_ns","jmx_memory_young_collection_count","JVM_COMPILATIONS","jmx_memory_used_size","jmx_memory_old_collection_total_ms","cache_references","uptime_ns","jmx_memory_young_collection_total_ms","jmx_memory_old_collection_time_ms","jmx_memory_old_collection_count","benchmark","total_ms"
22218552262,114631697450,10,0,54532210486,198,96503830,2115052656,12242,684893609,32639,7295509939,26,6908,2197343752,39,3461092511,43000951198,2646,0,1,"neo4j-analytics",50296
18513636880,94100526604,1,0,33154659076,74,18483446,280096512,2169,384688545,34865,3978788726,27,575,368828944,96,781233549,50355756180,2720,0,2,"neo4j-analytics",54335
18671572655,94463766932,1,0,31376702466,53,17243083,2722103296,827,503347810,35692,3072593410,28,362,2811085024,136,891804044,54376478621,2773,0,3,"neo4j-analytics",57449
18962497854,95289685460,1,0,31762145240,30,18363795,220200960,428,524509939,36120,3071835704,29,101,309425192,180,900686280,57495173418,2803,0,4,"neo4j-analytics",60567
18948952158,95230648717,1,0,31668333670,29,18104654,222298112,190,517770363,36310,3075993441,30,55,311761824,218,912962123,60606485954,2832,0,5,"neo4j-analytics",63682
19026102967,95672396206,1,0,31922893284,39,18527297,220200960,345,523412421,36655,3081170022,31,156,309903808,257,916074010,63723386585,2871,0,6,"neo4j-analytics",66805
18990555672,95535165940,1,0,31729115806,54,18159207,278921216,404,519338996,37059,3098860623,32,66,368930656,297,896939049,66846766358,2925,0,7,"neo4j-analytics",69946
18993542721,95538960245,1,0,31628221922,71,18012006,285212672,594,516258687,37694,3092566462,33,55,375461640,336,889264702,69986825615,2996,0,8,"neo4j-analytics",73079
19008642636,95604572647,1,0,31707004690,55,17907141,287309824,498,513616501,38192,3087250233,34,56,377797864,381,895921145,73125625034,3051,0,9,"neo4j-analytics",76213
19003513605,95575670204,1,0,31513716896,29,17686076,222298112,331,501714691,38523,3026757030,35,35,313035432,421,874675840,76254674163,3080,0,10,"neo4j-analytics",79281
19014248356,95617893221,1,0,31678110852,30,18023454,222298112,487,505579031,39010,3046037368,36,66,313274488,463,887683923,79324565260,3110,0,11,"neo4j-analytics",82371
18981054019,95503727150,1,0,31483212532,55,17666823,281018368,324,494509066,39334,3024238547,37,37,371998336,503,900945438,82412818275,3165,0,12,"neo4j-analytics",85437
18981203364,95500773602,1,0,31422638154,55,17494337,276824064,306,492038511,39640,3024560128,38,28,367487320,542,896412932,85478650284,3220,0,13,"neo4j-analytics",88503
18984798204,95520739985,1,0,31254549230,70,17436432,274726912,29,487918610,39708,3015513730,39,4,365390600,580,873899310,88543164412,3290,0,14,"neo4j-analytics",91559
18957991759,95425083661,1,0,31299335460,71,17542317,274726912,269,486193596,39977,3028383504,40,20,365391296,620,867787151,91599958111,3361,0,15,"neo4j-analytics",94628
18971107022,95459012737,1,0,31284083716,55,17499905,276824064,170,484549386,40188,3010610029,41,13,367483344,659,872274467,94669516184,3416,0,16,"neo4j-analytics",97680
18994262868,95539095139,1,0,31266954850,77,17629975,276824064,241,486570428,40429,3030330836,42,17,367470984,698,858331979,97721091168,3493,0,17,"neo4j-analytics",100751
18993741564,95548328578,1,0,31167557758,54,17318355,276824064,24,479262216,40453,2997930069,43,16,367432472,737,859154653,100792333921,3547,0,18,"neo4j-analytics",103790
18976476796,95474232848,1,0,31170967442,77,17405890,276824064,11,478292207,40465,3010484319,44,2,367432984,776,861138617,103831433513,3624,0,19,"neo4j-analytics",106842
18969008784,95447306139,1,0,31197967076,77,17316612,276824064,126,479746691,40632,3023563795,45,12,367433160,817,864841761,106884565128,3701,0,20,"neo4j-analytics",109908
18979084281,95478984014,1,0,31165233730,55,17340143,276824064,57,478522240,40690,2994312294,46,11,367400192,857,857910898,109949936009,3756,0,21,"neo4j-analytics",112944
18969384444,95446661004,1,0,31139439180,55,17297471,276824064,9,477465082,40699,2991185230,47,14,367400584,897,869027853,112987045461,3811,0,22,"neo4j-analytics",115978
18968283877,95453626986,1,0,31211806124,69,17274746,274726912,44,477114115,40743,3016676267,48,8,365303752,938,878588780,116020648989,3880,0,23,"neo4j-analytics",119037
18975844137,95475785603,1,0,31154134956,54,17325190,274726912,27,478653069,40770,2992106055,49,4,365304352,978,864253875,119078866452,3934,0,24,"neo4j-analytics",122071
18987628494,95521895449,1,0,31208387826,67,17376212,274726912,18,478803949,40788,3004569487,50,5,365304672,1018,865666504,122112763423,4001,0,25,"neo4j-analytics",125117
18977612711,95484342257,1,0,31196199892,66,17360864,276824064,8,479254448,40796,3002259495,51,7,367401984,1058,873131284,125159254484,4067,0,26,"neo4j-analytics",128162
18983634298,95492067133,1,0,31166991132,55,17314748,274726912,3,478301545,40799,2993351464,52,2,365305240,1096,869278115,128201523210,4122,0,27,"neo4j-analytics",131195
18981075872,95487649831,1,0,31149714952,54,17316104,274726912,59,478012550,40858,2981645089,53,4,365305744,1134,865156376,131235162354,4176,0,28,"neo4j-analytics",134217
18986422470,95524423504,1,0,31167105450,71,17356365,274726912,5,479579671,40903,3005008051,54,3,365306032,1174,863992302,134257817678,4247,0,29,"neo4j-analytics",137263
18971364432,95454635793,1,0,31196364434,71,17229211,276824064,5,476806610,40908,3011732502,55,5,367403496,1214,870171490,137304494350,4318,0,30,"neo4j-analytics",140316
18997181820,95555816211,1,0,31231353042,71,17372794,274726912,32,479885802,40940,3014571194,56,8,365306704,1254,874416581,140357940665,4389,0,31,"neo4j-analytics",143373
18976067902,95477666211,1,0,31224558202,71,17368676,276824064,12,479611726,40952,3012289894,57,14,367404272,1295,873464238,143416342690,4460,0,32,"neo4j-analytics",146429
18976456392,95472321062,1,0,31193684750,54,17395507,272629760,60,480058950,41012,2993570898,58,13,363210280,1335,872324538,146469533506,4514,0,33,"neo4j-analytics",149463
18978016929,95478847555,1,0,31171953964,55,17403224,278921216,30,476992222,41042,2994180441,59,7,369505064,1375,873139987,149504748748,4569,0,34,"neo4j-analytics",152499
18961383955,95421072132,1,0,31072599212,71,17120094,276824064,24,472837755,41066,3002597094,60,3,367408112,1414,852754384,152539977680,4640,0,35,"neo4j-analytics",155543
18983385705,95497967292,1,0,31164811790,55,17338405,276824064,74,478018660,41140,2989645165,61,6,367408536,1455,867693235,155584881415,4695,0,36,"neo4j-analytics",158575
18985279798,95502926487,1,0,31229491834,54,17384163,274726912,18,477245147,41158,3011018621,62,6,365312072,1494,875569639,158615657473,4749,0,37,"neo4j-analytics",161627
19002032860,95563131977,1,0,31261994354,66,17330659,272629760,62,478265725,41220,3011809826,63,3,363215264,1532,877663896,161667052078,4815,0,38,"neo4j-analytics",164679
18994528262,95542918799,1,0,31174672922,55,17286961,272629760,5,475696452,41225,2988099886,64,2,363215544,1571,850758418,164719076260,4870,0,39,"neo4j-analytics",167707
18991521639,95516826981,1,0,31165590846,55,17391740,276824064,34,475512417,41259,2993999168,65,5,367410192,1611,863576310,167748662077,4925,0,40,"neo4j-analytics",170743
19006882959,95582185611,1,0,31225379014,54,17389601,272629760,4,477739127,41263,2994334678,66,1,363181728,1651,865983506,170785075554,4979,0,41,"neo4j-analytics",173779
18988254393,95508637717,1,0,31149159860,55,17327661,276824064,2,476651942,41265,2985915223,67,7,367376312,1690,852164110,173820180732,5034,0,42,"neo4j-analytics",176806
18979850834,95475923071,1,0,31148190420,55,17339683,276824064,67,477593563,41332,2989448868,68,16,367376624,1730,848218885,176847541017,5089,0,43,"neo4j-analytics",179837
18977934001,95478108621,1,0,31165334908,54,17371214,274726912,21,474943891,41353,3001424062,69,11,365279928,1770,853535933,179878365915,5143,0,44,"neo4j-analytics",182880
18995069189,95544374063,1,0,31218394374,55,17306546,276824064,2,477168043,41355,2997817647,70,3,367377320,1809,863619592,182920124364,5198,0,45,"neo4j-analytics",185918
18982352363,95490752796,1,0,31188605848,55,17249872,278921216,1,474670651,41356,3002704182,71,2,369474808,1850,860685790,185960931638,5253,0,46,"neo4j-analytics",188964
18993905009,95528845107,1,0,31195533402,54,17344918,276824064,0,476936917,41357,2999438855,72,0,367378080,1890,864452451,189006005779,5307,0,47,"neo4j-analytics",192005
18986653150,95507969064,1,0,31194363212,72,17356901,274726912,10,476515240,41367,3014224438,73,3,365281240,1931,856253578,192048030928,5379,0,48,"neo4j-analytics",195062
19000671214,95564745812,1,0,31159615358,54,17333183,276824064,5,477499556,41372,2990594906,74,3,367378776,1971,849658963,195103936586,5433,0,49,"neo4j-analytics",198095
19001385095,95564501104,1,0,31190694378,66,17272147,274726912,70,478011440,41442,3002938956,75,5,365281936,2009,857155533,198135217856,5499,0,50,"neo4j-analytics",201138
18992713160,95531514415,1,0,31158342968,69,17206838,276824064,2,474435442,41444,3011267538,76,3,367379472,2047,854759507,201177717831,5568,0,51,"neo4j-analytics",204189
18998618840,95554079677,1,0,31172890700,39,17300482,213909504,2,475524846,41490,2982201672,77,1,304465224,2090,857700369,204232733266,5607,0,52,"neo4j-analytics",207215
18999263121,95550756027,1,0,31166356470,30,17228129,218103808,0,474776517,41490,2979144328,78,1,308659840,2131,860208961,207257861961,5637,0,53,"neo4j-analytics",210237
19004216501,95572726917,1,0,31151655438,54,17303457,274726912,45,476119788,41535,2988433507,79,8,365283256,2170,854438695,210277807243,5691,0,54,"neo4j-analytics",213266
18982094990,95486514865,1,0,31118268304,67,17368704,272629760,12,475280006,41547,3001380304,80,4,363186416,2208,847870420,213305971388,5758,0,55,"neo4j-analytics",216307
18991210014,95527914132,1,0,31134787182,56,17230396,276824064,7,474353088,41596,2996756776,81,2,367381032,2249,845987433,216349704464,5814,0,56,"neo4j-analytics",219346
18976559552,95472092841,1,0,31156066098,54,17284939,274726912,1,473275652,41597,2996519575,82,4,365284192,2287,854245319,219386345257,5868,0,57,"neo4j-analytics",222383
18989499929,95515639487,1,0,31187728096,55,17339585,276824064,5,475626252,41602,2997333809,83,1,367381656,2326,855428181,222422993721,5923,0,58,"neo4j-analytics",225420
18984173673,95499782549,1,0,31169055134,54,17318026,276824064,1,475978386,41603,2993993284,84,3,367381968,2367,856992144,225463190750,5977,0,59,"neo4j-analytics",228457
18975193240,95464656800,1,0,31139391146,56,17232725,276824064,5,474334328,41608,2997777993,85,5,367382280,2408,856511090,228500582080,6033,0,60,"neo4j-analytics",231498
18974645953,95469838156,1,0,31145907710,54,17176506,274726912,45,474437049,41653,2999238175,86,4,365285440,2448,850432404,231539425423,6087,0,61,"neo4j-analytics",234539
18988086362,95505596948,1,0,31173804952,55,17262387,278921216,0,473922839,41653,3000826078,87,0,369480056,2487,853810747,234579599707,6142,0,62,"neo4j-analytics",237580
18982971616,95487237423,1,0,31110778212,55,17247367,276824064,16,474705725,41669,2999580626,88,5,367383248,2527,849897966,237621326088,6197,0,63,"neo4j-analytics",240621
19019867486,95637765593,1,0,31192543030,70,17277095,278921216,24,477286252,41775,3014376511,89,31,369480680,2567,853885992,240662615757,6267,0,64,"neo4j-analytics",243677
18985798232,95492507512,1,0,31160099640,55,17326359,276824064,12,473735487,41787,2995259822,90,3,367383840,2607,851944630,243719240008,6322,0,65,"neo4j-analytics",246714
18983429445,95498957958,1,0,31138959278,54,17284024,276824064,2,475482179,41789,2992234156,91,2,367389528,2647,852154300,246755462422,6376,0,66,"neo4j-analytics",249748
18972743268,95466009616,1,0,31181556530,70,17209492,278921216,0,475068305,41789,3016385741,92,0,369487024,2687,855145046,249789257581,6446,0,67,"neo4j-analytics",252806
18977008347,95472197734,1,0,31155903016,56,17368087,278921216,9,474471678,41798,2999516175,93,3,369488024,2728,852016771,252848548591,6502,0,68,"neo4j-analytics",255848
18995279565,95530247358,1,0,31159958604,70,17335209,274726912,16,477148946,41814,3010531313,94,5,365294032,2768,848359909,255889668930,6572,0,69,"neo4j-analytics",258900
18996037074,95535986208,1,0,31169646142,55,17325360,274726912,40,476426449,41854,2998444942,95,1,365294344,2807,856441477,258941141942,6627,0,70,"neo4j-analytics",261940
18985788368,95503260062,1,0,31167917648,54,17326678,276824064,0,475639749,41854,2993152547,96,0,367391808,2846,853869142,261981141956,6681,0,71,"neo4j-analytics",264974
18983044001,95491445805,1,0,31158432612,71,17240835,278921216,0,475855112,41854,3015076723,97,0,369489272,2888,851365720,265017490933,6752,0,72,"neo4j-analytics",268033
18992965716,95527164627,1,0,31194400734,55,17322972,274726912,0,476747220,41854,2994643577,98,0,365295280,2927,861462441,268074181764,6807,0,73,"neo4j-analytics",271069
18990251981,95517623937,1,0,31148870050,54,17297484,270532608,2,475699592,41856,2988365809,99,4,361101288,2969,852174035,271113057022,6861,0,74,"neo4j-analytics",274101
18989661984,95514640951,1,0,31178675220,54,17275319,276824064,13,476750360,41869,2995582044,100,10,367393056,3008,854665732,274141351445,6915,0,75,"neo4j-analytics",277137
18970186119,95450443179,1,0,31114154900,56,17264548,276824064,19,473973944,41888,3000770868,101,2,367394592,3048,849203284,277178445250,6971,0,76,"neo4j-analytics",280179
18980994570,95485586858,1,0,31169445976,76,17214311,274726912,0,474013311,41888,3023423631,102,0,365297752,3090,853386798,280222750705,7047,0,77,"neo4j-analytics",283246
19000385570,95556797065,1,0,31142528102,55,17290304,278921216,0,474977235,41888,2994098992,103,1,369492368,3129,852872257,283287825120,7102,0,78,"neo4j-analytics",286282
18980550220,95484288790,1,0,31129793982,55,17244952,276824064,0,474181367,41888,2994356848,104,0,367395528,3169,856110959,286323152473,7157,0,79,"neo4j-analytics",289318
18979680615,95483485870,1,0,31185962518,54,17223940,276824064,0,474222497,41888,2992927949,105,0,367395840,3209,849519202,289358884700,7211,0,80,"neo4j-analytics",292352
18994946745,95544895765,1,0,31185268142,55,17277004,276824064,0,475668269,41888,2992854216,106,0,367396152,3247,857798493,292392203840,7266,0,81,"neo4j-analytics",295385
18972084676,95456171037,1,0,31118889242,55,17158847,278921216,56,473261201,41944,3003975961,107,1,369493616,3286,853870606,295425297759,7321,0,82,"neo4j-analytics",298429
18981133807,95487361563,1,0,31150639862,55,17409766,276824064,0,474619005,41944,3000838417,108,1,367396776,3324,852204980,298469317789,7376,0,83,"neo4j-analytics",301470
18996973697,95545343629,1,0,31202633382,55,17221900,276824064,1,475991874,41945,3002168599,109,1,367397088,3362,853701002,301510131848,7431,0,84,"neo4j-analytics",304512
18972286140,95459520402,1,0,31169572850,56,17200678,276824064,1,474483321,41946,2998463190,110,2,367397432,3402,853675728,304553962804,7487,0,85,"neo4j-analytics",307552
18978465094,95479297092,1,0,31122410324,71,17306876,276824064,1,475039753,41947,3009810464,111,2,367397712,3443,850636335,307594272737,7558,0,86,"neo4j-analytics",310604
18980452474,95488306212,1,0,31129205164,55,17433162,276824064,1,475504769,41948,2985516290,112,1,367397304,3483,847610521,310646369514,7613,0,87,"neo4j-analytics",313632
18983776110,95497473188,1,0,31167818952,66,17262208,276824064,0,475198304,41948,3008408378,113,0,367397952,3525,848109369,313675017905,7679,0,88,"neo4j-analytics",316683
18979548912,95482059057,1,0,31158616280,67,17341134,274726912,8,475411414,41956,3008304852,114,1,365301112,3566,852689637,316725898684,7746,0,89,"neo4j-analytics",319734
18975698598,95470924471,1,0,31192715894,55,17216352,278921216,10,474155133,41966,3002743485,115,2,369495728,3604,859397938,319774344757,7801,0,90,"neo4j-analytics",322777
18993518959,95528255617,1,0,31182575172,70,17331933,274726912,0,475668193,41966,3014732230,116,0,365301736,3646,852014975,322820237012,7871,0,91,"neo4j-analytics",325835
18988349864,95511872570,1,0,31166219376,54,17281390,278921216,0,475522824,41966,2996463095,117,0,369496352,3685,860242577,325876003615,7925,0,92,"neo4j-analytics",328872
18989944232,95516793613,1,0,31176153508,55,17315564,272629760,21,475733797,41987,2996596410,118,1,363205208,3725,854753252,328914255945,7980,0,93,"neo4j-analytics",331911
18977481583,95474620745,1,0,31150030020,67,17223215,276824064,0,474143423,41987,3005078155,119,1,367399824,3765,850024540,331952605350,8047,0,94,"neo4j-analytics",334958
18989644918,95515291749,1,0,31149395504,54,17310330,272629760,0,475621780,41987,2985974577,120,1,363205864,3806,849612089,335000557166,8101,0,95,"neo4j-analytics",337987
19010145701,95581824700,1,0,31179618380,30,17299840,218103808,24,476739864,42011,2973305511,121,22,308680192,3847,853919896,338029196463,8131,0,96,"neo4j-analytics",341003
18993961988,95529717371,1,0,31177333480,39,17297845,216006656,6,474808041,42060,2985011520,122,1,306583352,3889,855676948,341046182474,8170,0,97,"neo4j-analytics",344031
18989594780,95510286095,1,0,31154227812,55,17298774,276824064,1,474579625,42061,2994230651,123,1,367401072,3930,858444142,344074155499,8225,0,98,"neo4j-analytics",347068
18991665713,95522255062,1,0,31174361650,54,17307225,276824064,1,475224657,42062,2997411957,124,1,367401384,3971,862609720,347110265552,8279,0,99,"neo4j-analytics",350108
18975168953,95465074763,1,0,31090271782,55,17157125,274726912,0,472444069,42062,2990884499,125,3,365304544,4012,848199217,350150391243,8334,0,100,"neo4j-analytics",353141
18985408558,95504254832,1,0,31149589830,55,17324652,276824064,42,476189379,42104,2992420021,126,1,367402008,4052,858312222,353183181709,8389,0,101,"neo4j-analytics",356176
