"branch_instructions","instructions","jmx_memory_young_collection_delta","jmx_memory_old_collection_delta","ref_cycles","jmx_memory_young_collection_time_ms","branch_misses","jmx_memory_used_delta","compilation_time_ms","cache_misses","compilation_total_ms","iteration_time_ns","jmx_memory_young_collection_count","JVM_COMPILATIONS","jmx_memory_used_size","jmx_memory_old_collection_total_ms","cache_references","uptime_ns","jmx_memory_young_collection_total_ms","jmx_memory_old_collection_time_ms","jmx_memory_old_collection_count","benchmark","total_ms"
22160877156,112869008512,10,0,53015310636,152,98470489,1350767104,12156,716719065,32811,6848600089,26,6911,1433072136,40,3261449767,49022243686,2294,0,1,"neo4j-analytics",55871
18590450418,93262607939,1,0,33779857940,11,18964610,6527092624,1693,454661304,34504,3716632354,27,485,6615806088,92,863932716,55925462597,2305,0,2,"neo4j-analytics",59642
18580078771,93145390269,1,0,32321359404,43,18024623,110982656,829,532504284,35333,3376628177,28,248,199942368,148,944037022,59699559246,2348,0,3,"neo4j-analytics",63076
18599557596,93226491560,1,0,31944238192,4,18012759,56623104,377,552673672,35710,3311332213,29,78,145821384,187,972997731,63117168250,2352,0,4,"neo4j-analytics",66429
18594735880,93201229002,1,0,31830687422,7,17908199,58084240,297,546363183,36007,3290551638,30,46,147522488,225,971281083,66468562444,2359,0,5,"neo4j-analytics",69759
18614554050,93289525126,1,0,31951268822,28,18148151,115376192,424,548211136,36431,3330795547,31,120,205053288,268,985961179,69803589012,2387,0,6,"neo4j-analytics",73134
18596832182,93203915383,1,0,31775196764,5,17721349,58720256,553,545980252,36985,3298178055,32,65,148702296,309,964729295,73178090008,2392,0,7,"neo4j-analytics",76476
18606361464,93241743185,1,0,31657408052,30,17610545,117379392,527,537290720,37513,3309780758,33,59,207601040,348,953269872,76517562178,2422,0,8,"neo4j-analytics",79827
18602878517,93243924681,1,0,31718942964,4,17617317,58720256,944,540870217,38457,3306093001,34,74,149181056,389,943128461,79870125902,2426,0,9,"neo4j-analytics",83176
18575348015,93126006250,1,0,31375927206,6,17361314,52448280,385,515742300,38842,3239077402,35,45,143149680,429,931953499,83217617041,2432,0,10,"neo4j-analytics",86457
18582805907,93157303243,1,0,31405739968,4,17358466,51022104,219,514799101,39061,3247225728,36,41,141960568,468,952235803,86497615208,2436,0,11,"neo4j-analytics",89745
18589068479,93176807010,1,0,31310251880,5,17124137,52245688,114,510067705,39220,3208344507,37,20,143188736,511,932901799,89790215826,2441,0,12,"neo4j-analytics",92999
18578764689,93141053523,1,0,31280304214,4,17357261,51909024,79,508380510,39299,3203348247,38,12,142534184,549,935482022,93039815150,2445,0,13,"neo4j-analytics",96243
18579620186,93143937341,1,0,31190718030,4,17250756,52061216,42,506559373,39341,3200495145,39,5,142686688,589,927282200,96285039754,2449,0,14,"neo4j-analytics",99486
18578349210,93140189479,1,0,31180963478,4,17075591,51784960,4,506767506,39345,3201465588,40,6,142411600,627,925087520,99526485985,2453,0,15,"neo4j-analytics",102728
18573296526,93114842869,1,0,31224195392,7,16980004,53610272,103,506238769,39449,3195379645,41,14,144231256,671,931535583,102775186114,2460,0,16,"neo4j-analytics",105971
18574100810,93117530092,1,0,31243557766,5,17056833,53683488,205,508672487,39654,3219945082,42,17,144291912,716,927951262,106018032081,2465,0,17,"neo4j-analytics",109238
18577496451,93135984617,1,0,31155521518,5,17087475,48109440,0,502642697,39654,3192254498,43,1,138678352,755,924495698,109279114631,2470,0,18,"neo4j-analytics",112471
18572599922,93113868339,1,0,31178573020,6,16925159,48789840,23,502319128,39677,3185156073,44,5,139359264,796,932167657,112516105558,2476,0,19,"neo4j-analytics",115701
18577720323,93135235632,1,0,31216760488,6,17197727,52337376,133,507094574,39811,3198196564,45,8,142873360,835,931936333,115742640254,2482,0,20,"neo4j-analytics",118941
18576111061,93129057205,1,0,31160194248,6,16989042,47786896,27,503226713,39877,3191812250,46,13,138323680,872,935316238,118980724413,2488,0,21,"neo4j-analytics",122173
18579872723,93146188442,1,0,31215698922,4,17136834,52115168,7,504101019,39885,3202191448,47,13,142653048,915,941669819,122219071096,2492,0,22,"neo4j-analytics",125421
18577299969,93134671377,1,0,31221000766,4,17072385,47833760,1,502706516,39925,3195089411,48,5,138371488,953,962836740,125461423883,2496,0,23,"neo4j-analytics",128657
18577361258,93135142132,1,0,31174471296,5,17075947,47873888,15,503574273,39941,3194850452,49,2,138411920,990,937556637,128696456699,2501,0,24,"neo4j-analytics",131891
18602491531,93237366340,1,0,31222155626,5,17188403,51816128,57,504680983,39998,3207771805,50,9,142355048,1034,934964593,131938258508,2506,0,25,"neo4j-analytics",135146
18577824471,93135698805,1,0,31158398594,4,17019101,47872328,1,501923692,39999,3194877792,51,3,138412632,1074,927943818,135189333790,2510,0,26,"neo4j-analytics",138384
18590777898,93188587448,1,0,31205552652,6,17080729,47812944,1,502956021,40000,3194230727,52,2,138353464,1114,945290451,138426851640,2516,0,27,"neo4j-analytics",141621
18589601076,93185406643,1,0,31157234098,6,16997597,47811352,1,502650835,40001,3197789711,53,3,138351464,1152,931591238,141661081838,2522,0,28,"neo4j-analytics",144859
18579162980,93141284972,1,0,31224782020,4,17015312,47777752,9,504231433,40057,3198270802,54,8,138318272,1197,942416816,144906850477,2526,0,29,"neo4j-analytics",148105
18578401377,93138016281,1,0,31187211986,4,17085969,52323152,21,503268485,40078,3194547197,55,7,142863984,1238,928294606,148148870516,2530,0,30,"neo4j-analytics",151343
18576734801,93130898356,1,0,31127754070,5,17052063,51932624,33,503225497,40111,3194741126,56,10,142473824,1279,911123364,151386530708,2535,0,31,"neo4j-analytics",154581
18579443255,93142111708,1,0,31201464068,4,17084768,52181800,42,503021150,40153,3202601033,57,10,142724032,1320,927085975,154625649174,2539,0,32,"neo4j-analytics",157828
18577416310,93132082733,1,0,31199322102,4,17073594,47721248,121,503373062,40274,3198484798,58,16,138263792,1360,924028516,157870522531,2543,0,33,"neo4j-analytics",161069
18580503040,93148512381,1,0,31180508542,4,17137859,52015200,65,503844487,40339,3204828868,59,3,142560600,1397,921708908,161108556042,2547,0,34,"neo4j-analytics",164313
18575784321,93128469950,1,0,31119971686,5,16968435,51627408,23,501258124,40362,3204413975,60,7,142173592,1440,915618308,164359147420,2552,0,35,"neo4j-analytics",167564
18574925287,93123398079,1,0,31140988532,5,17033997,47805456,82,502489731,40444,3205508683,61,10,138351952,1480,914267823,167606912189,2557,0,36,"neo4j-analytics",170812
18573228087,93113662951,1,0,31090745260,5,16819149,48589856,34,500365221,40478,3186329630,62,6,139137184,1520,918360596,170854816671,2562,0,37,"neo4j-analytics",174041
18576994279,93130943552,1,0,31068340830,4,17084791,52109280,4,499390807,40482,3187059974,63,1,142623216,1564,916048038,174087631829,2566,0,38,"neo4j-analytics",177275
18578157487,93136430276,1,0,31141362292,4,16889467,46953024,5,501849470,40487,3193365329,64,4,137467272,1605,919015445,177319236034,2570,0,39,"neo4j-analytics",180513
18589981535,93184865939,1,0,31087559832,6,16966890,47819360,1,500016381,40488,3195070720,65,2,138333920,1648,912188810,180557919036,2576,0,40,"neo4j-analytics",183753
18577236488,93134111372,1,0,31145741416,4,16960730,51330768,2,500624326,40490,3196670572,66,1,141845640,1693,918476655,183801391148,2580,0,41,"neo4j-analytics",186998
18573932209,93117115155,1,0,31073493900,5,16899352,47790160,46,498880653,40536,3183000683,67,11,138305344,1739,919654448,187046709597,2585,0,42,"neo4j-analytics",190230
18575672705,93125435141,1,0,31140466582,4,17051864,51363608,69,500233401,40605,3202507312,68,18,141879168,1777,914588528,190270987270,2589,0,43,"neo4j-analytics",193473
18575870885,93127132999,1,0,31114352000,4,17071423,47590912,2,500019419,40607,3192363008,69,3,138106632,1816,916216401,193514875570,2593,0,44,"neo4j-analytics",196707
18580790387,93149198227,1,0,31145676008,4,16998428,51113728,2,501664437,40609,3200760358,70,3,141630056,1859,916529737,196753226760,2597,0,45,"neo4j-analytics",199954
18579108359,93140926583,1,0,31142478316,6,16965022,47040704,10,501139435,40619,3200332502,71,2,137556872,1898,914817404,199996362467,2603,0,46,"neo4j-analytics",203197
18578848878,93139687648,1,0,31104033450,3,16965668,46883696,0,500402655,40619,3194369063,72,1,137400176,1939,913504030,203241570596,2606,0,47,"neo4j-analytics",206436
18577896215,93134354398,1,0,31111216650,6,16928558,47681832,8,499151739,40627,3192279812,73,1,138199000,1982,922258400,206481810082,2612,0,48,"neo4j-analytics",209674
18579459880,93142135766,1,0,31157212928,4,16902565,46868000,2,501067233,40629,3197651056,74,7,137385576,2021,929947879,209715712614,2616,0,49,"neo4j-analytics",212913
18602181266,93236285144,1,0,31183929030,4,16939944,51096800,11,502033610,40640,3203593008,75,6,141614064,2065,930297130,212960416426,2620,0,50,"neo4j-analytics",216164
18577514036,93134445284,1,0,31117748982,4,17082993,51065536,2,500448828,40687,3197062963,76,4,141583432,2108,920913462,216210077449,2624,0,51,"neo4j-analytics",219407
18584443723,93156553492,1,0,31069400498,6,16849835,48671984,16,499004205,40703,3190115325,77,5,139190192,2151,911155994,219453366458,2630,0,52,"neo4j-analytics",222643
18590487983,93187066684,1,0,31214473252,4,17053981,51275968,1,501043679,40704,3201288995,78,2,141794488,2188,914839050,222683798325,2634,0,53,"neo4j-analytics",225885
18580824853,93149068752,1,0,31140036028,4,16958712,51161112,6,502673793,40710,3203658455,79,4,141679944,2227,910492566,225926807721,2638,0,54,"neo4j-analytics",229130
18574706613,93122227587,1,0,31114727804,5,16978421,51088784,43,499064917,40753,3190931536,80,4,141607928,2266,921113281,229172061422,2643,0,55,"neo4j-analytics",232363
18591179763,93190420261,1,0,31131811556,3,17026577,51071088,28,502144180,40781,3202572014,81,5,141590544,2312,910954503,232411681150,2646,0,56,"neo4j-analytics",235614
18578332345,93136671434,1,0,31114048174,6,17020795,47247936,0,500791919,40781,3195596786,82,1,137767696,2349,916181187,235655280947,2652,0,57,"neo4j-analytics",238851
18581482680,93152609996,1,0,31184704144,5,17018544,55249920,14,503135581,40795,3211824179,83,2,145769992,2388,922315120,238892673908,2657,0,58,"neo4j-analytics",242104
18577973413,93135380978,1,0,31116390452,5,16896919,47290840,7,500145977,40802,3196840664,84,1,137811232,2432,912740840,242151664435,2662,0,59,"neo4j-analytics",245349
18577507853,93135502079,1,0,31156303056,5,16890778,50715776,7,501295703,40809,3201093339,85,7,141236576,2475,916675905,245393815118,2667,0,60,"neo4j-analytics",248595
18577501173,93134223237,1,0,31130326590,6,16901594,51261840,54,500986159,40863,3197586934,86,6,141783576,2512,915890288,248635037809,2673,0,61,"neo4j-analytics",251833
18579447957,93142814486,1,0,31134787620,5,16972047,46852656,0,501215873,40863,3203392587,87,0,137374704,2549,920098665,251873154215,2678,0,62,"neo4j-analytics",255077
18579615741,93143416971,1,0,31127672602,5,17049159,51311792,1,501478035,40864,3200959060,88,3,141834152,2586,914343809,255116847646,2683,0,63,"neo4j-analytics",258318
18590273364,93185364890,1,0,31121064788,4,17066259,52022464,12,501225694,40877,3196393212,89,27,142545136,2629,922491947,258363738305,2687,0,64,"neo4j-analytics",261560
18577471577,93132896127,1,0,31114556984,5,17048068,47790928,16,500124287,40893,3198433703,90,8,138313912,2673,918222992,261606712111,2692,0,65,"neo4j-analytics",264805
18578411098,93138648390,1,0,31153664982,5,16947408,46850352,1,500935221,40894,3199132542,91,1,137379024,2713,924531324,264847795871,2697,0,66,"neo4j-analytics",268047
18579665002,93143542530,1,0,31137139096,5,16906640,51075560,3,501035340,40897,3205060092,92,1,141604544,2751,915184765,268087833276,2702,0,67,"neo4j-analytics",271293
18593330251,93198756359,1,0,31165628368,4,16961452,47065528,0,501184456,40897,3207024241,93,3,137594824,2792,917491657,271337697949,2706,0,68,"neo4j-analytics",274545
18575865014,93123153405,1,0,31127658002,5,16940372,47552512,44,499823059,40941,3197231237,94,7,138082120,2832,913872121,274588185875,2711,0,69,"neo4j-analytics",277785
18578441562,93138040171,1,0,31115775646,5,16935415,47109960,0,500623275,40941,3203128715,95,0,137639872,2872,920060373,277828335333,2716,0,70,"neo4j-analytics",281031
18580665434,93147630532,1,0,31142189528,4,16934184,51026976,1,501299552,40942,3202948146,96,1,141557304,2910,914825484,281071916141,2720,0,71,"neo4j-analytics",284275
18579252776,93142168473,1,0,31168311264,5,16951997,51334888,0,501257442,40942,3201116300,97,0,141865432,2949,928577984,284317833478,2725,0,72,"neo4j-analytics",287519
18579233370,93142080696,1,0,31153646586,4,16936753,46879488,0,501440906,40942,3204732818,98,0,137409864,2988,915908667,287561107437,2729,0,73,"neo4j-analytics",290766
18604411956,93244181257,1,0,31187437264,6,16959174,47239200,0,501127992,40942,3208917791,99,2,137770368,3029,918206997,290810398700,2735,0,74,"neo4j-analytics",294019
18576915475,93132281069,1,0,31128928348,5,16925557,51124936,13,500523474,40956,3203728077,100,8,141656416,3075,916243790,294068067579,2740,0,75,"neo4j-analytics",297272
18579842014,93144200056,1,0,31180043240,5,16933508,50975200,0,501028541,40956,3201510902,101,0,141508216,3120,927887579,297319803717,2745,0,76,"neo4j-analytics",300521
18578878854,93139277399,1,0,31155989156,4,16896985,46884960,0,500569031,40956,3197094140,102,0,137418384,3165,914220595,300569363817,2749,0,77,"neo4j-analytics",303766
18580743469,93146830487,1,0,31143497396,5,16951649,46831288,0,501424791,40956,3203055308,103,1,137364928,3209,921969981,303814231754,2754,0,78,"neo4j-analytics",307017
18578312420,93137406312,1,0,31106161546,5,16886505,46672912,17,501217102,40973,3203064422,104,1,137206144,3250,913969458,307060498437,2759,0,79,"neo4j-analytics",310264
18579990266,93143390311,1,0,31160102414,5,16916691,46837616,0,500935313,40973,3205189396,105,0,137371160,3287,916203906,310303899704,2764,0,80,"neo4j-analytics",313509
18604906420,93246560702,1,0,31181845610,5,17005152,46787984,43,502087432,41016,3211188702,106,2,137321832,3327,928247944,313552204063,2769,0,81,"neo4j-analytics",316763
18575527293,93126373873,1,0,31120010960,4,16893238,51539376,0,500285838,41016,3195922309,107,1,142073872,3367,924954771,316806751644,2773,0,82,"neo4j-analytics",320003
18589280331,93181195223,1,0,31134362906,5,16872801,51157024,0,499162688,41016,3197374880,108,1,141691840,3407,914380269,320045714444,2778,0,83,"neo4j-analytics",323243
18580326534,93145641996,1,0,31216644856,5,16943761,50767952,1,502620925,41017,3200411153,109,1,141303176,3446,924273069,323285370136,2783,0,84,"neo4j-analytics",326486
18579134964,93140677770,1,0,31142653516,4,16901864,50777920,0,501342624,41017,3203044227,110,0,141313360,3491,914429271,326533812809,2787,0,85,"neo4j-analytics",329737
18603465735,93240777886,1,0,31174583862,5,16902541,51136696,1,501709774,41018,3210859531,111,2,141673208,3531,928260898,329780182954,2792,0,86,"neo4j-analytics",332991
18579761506,93142872162,1,0,31147060088,6,16913736,47083568,0,500273203,41018,3201997944,112,0,137619632,3573,914188390,333036809137,2798,0,87,"neo4j-analytics",336239
18581122260,93149191430,1,0,31175782814,3,16961528,46898408,0,501352449,41018,3204905354,113,0,137434880,3612,924159726,336280742988,2801,0,88,"neo4j-analytics",339486
18581366775,93150730316,1,0,31225079568,6,16930951,46822848,0,502853001,41018,3208751821,114,0,137359632,3658,927896980,339535144794,2807,0,89,"neo4j-analytics",342744
18580442018,93146499110,1,0,31170961018,3,16944916,47042536,0,502657891,41018,3203395112,115,0,137579632,3704,922996104,342792926389,2810,0,90,"neo4j-analytics",345996
18580732059,93149453706,1,0,31168831900,4,16971442,46865728,0,502746789,41018,3208060799,116,0,137403136,3749,928620049,346044244923,2814,0,91,"neo4j-analytics",349252
18580647627,93147040310,1,0,31186538634,5,16985898,51370312,0,501176045,41018,3205073956,117,0,141908032,3792,923807324,349298529294,2819,0,92,"neo4j-analytics",352504
18579586143,93144459866,1,0,31175415186,4,17005850,46897528,31,502473458,41049,3214294336,118,2,137435464,3829,917304144,352544379245,2823,0,93,"neo4j-analytics",355759
18580546311,93146157810,1,0,31191836098,4,16949238,51174768,0,501339510,41049,3202794252,119,3,141713464,3873,930718515,355805685262,2827,0,94,"neo4j-analytics",359008
18580062086,93144747366,1,0,31151985398,5,16938121,50772768,1,501781646,41050,3203883223,120,1,141311872,3914,924677352,359052349439,2832,0,95,"neo4j-analytics",362256
18591081006,93187818116,1,0,31123050388,5,17598330,52115584,5,501138286,41055,3197702068,121,20,142655000,3951,918402128,362296725796,2837,0,96,"neo4j-analytics",365494
18575350109,93126264710,1,0,31162167292,5,17079767,47063560,0,501667146,41055,3205742769,122,0,137603192,3990,924002038,365536417280,2842,0,97,"neo4j-analytics",368742
18575942856,93128605430,1,0,31171242798,4,16974839,50988976,0,502118451,41055,3206924992,123,0,141528912,4030,920516863,368785580964,2846,0,98,"neo4j-analytics",371993
18574975043,93124273884,1,0,31110773102,4,16931616,51178472,0,501282974,41055,3202599891,124,0,141718720,4068,914100301,372033360305,2850,0,99,"neo4j-analytics",375236
18575721785,93127374007,1,0,31167758508,3,16938070,50798504,0,502542288,41055,3201395423,125,1,141338696,4105,915980148,375276997418,2853,0,100,"neo4j-analytics",378478
18575360966,93125776291,1,0,31157414262,4,16922951,47043904,1,501433071,41056,3204253710,126,1,137584776,4152,923215059,378529073590,2857,0,101,"neo4j-analytics",381733
18574306514,93122408885,1,0,31154469442,4,16918463,46902056,7,501780139,41063,3203703056,127,1,137443240,4193,919916404,381776752112,2861,0,102,"neo4j-analytics",384980
18572112604,93113001377,1,0,31124159550,6,17055748,51513272,1,500393363,41064,3200253319,128,2,142054776,4237,913150645,385027509953,2867,0,103,"neo4j-analytics",388228
