branch_instructions,instructions,jmx_memory_young_collection_delta,jmx_memory_old_collection_delta,ref_cycles,jmx_memory_young_collection_time_ms,branch_misses,jmx_memory_used_delta,compilation_time_ms,cache_misses,compilation_total_ms,iteration_time_ns,jmx_memory_young_collection_count,JVM_COMPILATIONS,jmx_memory_used_size,jmx_memory_old_collection_total_ms,cache_references,uptime_ns,jmx_memory_young_collection_total_ms,jmx_memory_old_collection_time_ms,jmx_memory_old_collection_count,benchmark,total_ms
18805390511,93718114437,1,0,30511369518,54,16964885,322961408,10,485628093,41288,2988771174,43,5,413546248,755,851419978,104231360728,3335,0,18,neo4j-analytics,107220
18803081578,93706949446,1,0,30478775456,54,16951306,325058560,23,483003833,41311,2981686143,44,3,415643808,798,849740878,107265268292,3389,0,19,neo4j-analytics,110247
18814984865,93742208118,1,0,30446666844,54,17045051,322961408,144,486576902,41503,3009846234,45,6,413547344,844,842581160,110295790485,3443,0,20,neo4j-analytics,113306
18803709509,93709510190,1,0,30362249060,54,16955337,325058560,70,483740563,41573,2986253894,46,10,415644984,891,837925514,113354475329,3497,0,21,neo4j-analytics,116341
18798450041,93693660892,1,0,30373933732,55,16981328,327155712,28,483394839,41601,2981368075,47,14,417742632,930,838431924,116381924612,3552,0,22,neo4j-analytics,119363
18812839722,93735621555,1,0,30376148406,55,17056547,329252864,57,484128450,41658,2992650550,48,11,419840288,976,843147290,119411671220,3607,0,23,neo4j-analytics,122404
18804323417,93715356339,1,0,30510972252,68,16965163,325058560,15,484638595,41673,3004891624,49,5,415646208,1014,853475651,122445717376,3675,0,24,neo4j-analytics,125451
18787684060,93650543444,1,0,30467656534,53,16925856,318767104,35,484218591,41708,2983575095,50,5,409355256,1055,856105876,125493836852,3728,0,25,neo4j-analytics,128477
18798850894,93694852306,1,0,30348823630,55,16933018,327155712,2,483430822,41710,2981591208,51,5,417744176,1100,843275693,128524434658,3783,0,26,neo4j-analytics,131506
18807500414,93721094898,1,0,30492386014,69,16939326,320864256,49,483079319,41759,3000902995,52,3,411452936,1142,848246115,131550501885,3852,0,27,neo4j-analytics,134551
18802215754,93702758114,1,0,30513413956,68,16973853,320864256,50,482473087,41809,2995268892,53,4,411453184,1181,851732840,134592151609,3920,0,28,neo4j-analytics,137587
18795601992,93687569843,1,0,30396318014,54,16943574,322961408,16,483173047,41825,2986699433,54,7,413550808,1219,839124188,137628342539,3974,0,29,neo4j-analytics,140615
18799434854,93701521329,1,0,30501816592,54,16947669,318767104,19,484067465,41844,2989893015,55,5,409357104,1266,849158159,140664442747,4028,0,30,neo4j-analytics,143654
18797207659,93691136705,1,0,30386438194,55,16929574,322961408,16,483637287,41860,2987347153,56,10,413551904,1313,839175989,143703378619,4083,0,31,neo4j-analytics,146691
18814464940,93745130940,1,0,30394750996,54,17161212,327155712,30,485003496,41890,2996588936,57,12,417746488,1356,842262082,146736909352,4137,0,32,neo4j-analytics,149733
18787087342,93662917774,1,0,30478324316,55,16940251,325058560,89,483593451,41979,2994968859,58,14,415649648,1402,853313693,149781500794,4192,0,33,neo4j-analytics,152776
18805275701,93720448959,1,0,30420981502,65,17073365,322961408,12,482550145,41991,2997180028,59,4,413555824,1446,848713239,152823427599,4257,0,34,neo4j-analytics,155821
18798199437,93693356057,1,0,30309920324,54,16937420,320864256,7,481995471,41998,2980631741,60,4,411458544,1485,836916243,155861593126,4311,0,35,neo4j-analytics,158842
18811057743,93744170310,1,0,30364746828,66,16962188,322961408,62,482317358,42060,3003742813,61,7,413556520,1531,835324594,158890959923,4377,0,36,neo4j-analytics,161895
18801133499,93696624438,1,0,30304494380,55,16886599,322961408,69,481894363,42129,2980875884,62,6,413557208,1574,831201962,161940017695,4432,0,37,neo4j-analytics,164921
18788453375,93656391142,1,0,30236801334,69,16944437,322961408,28,477407469,42157,2975437327,63,3,413557520,1617,834367194,164966026053,4501,0,38,neo4j-analytics,167941
18793606640,93682733186,1,0,30444607806,64,16893130,325058560,1,481042577,42158,2988607816,64,2,415654544,1655,849952437,167982429946,4565,0,39,neo4j-analytics,170971
18804888997,93712709081,1,0,30327892340,54,16917431,325058560,26,482103711,42184,2978509935,65,4,415655296,1701,838052399,171018871969,4619,0,40,neo4j-analytics,173997
18791394156,93671377565,1,0,30278537478,54,16886272,325058560,2,480538483,42186,2972430374,66,2,415656328,1748,840035753,174047225595,4673,0,41,neo4j-analytics,177020
18785373006,93656635165,1,0,30272789604,54,16836609,327155712,6,480551409,42192,2974653538,67,10,417753792,1792,835897623,177066390547,4727,0,42,neo4j-analytics,180041
18809584473,93728111928,1,0,30456990650,66,17049870,320864256,100,483607520,42292,3003154462,68,21,411462648,1838,846870691,180089715965,4793,0,43,neo4j-analytics,183093
18790582765,93673096980,1,0,30416391846,64,16906301,322961408,2,481107124,42333,2988782695,69,7,413559816,1876,848858220,183133207094,4857,0,44,neo4j-analytics,186122
18807930548,93736584844,1,0,30304574826,54,16864625,320864256,4,481071420,42337,2976610478,70,4,411472824,1917,831053132,186164751287,4911,0,45,neo4j-analytics,189141
18784887702,93655133918,1,0,30260819940,54,16802277,322961408,8,480662851,42345,2973197923,71,2,413570488,1955,835032627,189182867467,4965,0,46,neo4j-analytics,192156
18797372561,93691391600,1,0,30433592544,54,16858093,325058560,0,480448082,42349,2977454669,72,2,415667448,1995,844720043,192200092019,5019,0,47,neo4j-analytics,195178
18802310386,93722845971,1,0,30444148782,54,16856884,322961408,8,480690156,42357,2979777166,73,2,413571080,2042,848030111,195226911101,5073,0,48,neo4j-analytics,198207
18790420177,93672424496,1,0,30396647828,64,16869508,327155712,9,480948819,42366,2989157707,74,1,417765584,2085,844769367,198252521828,5137,0,49,neo4j-analytics,201242
18784794300,93654114703,1,0,30285458316,69,16803881,320864256,57,480872474,42423,2987165595,75,5,411474552,2131,836052471,201290414122,5206,0,50,neo4j-analytics,204278
18789532755,93670623295,1,0,30294541122,54,16845615,322961408,1,481309327,42424,2974084821,76,5,413572088,2173,833277496,204321512368,5260,0,51,neo4j-analytics,207296
18787565116,93665194569,1,0,30380702000,55,16838568,327155712,43,480327289,42467,2978145453,77,2,417766736,2212,846946725,207337100605,5315,0,52,neo4j-analytics,210315
18795516628,93687923423,1,0,30422156072,55,16920503,322961408,50,480927254,42517,2981920618,78,4,413572744,2252,848719732,210358024671,5370,0,53,neo4j-analytics,213340
18799502381,93698049831,1,0,30326646230,67,16886732,325058560,1,480630513,42518,2994281250,79,2,415670208,2297,834073738,213388219124,5437,0,54,neo4j-analytics,216383
18793037233,93674501378,1,0,30374989458,71,16862095,322961408,2,479279548,42568,2994595513,80,4,413573336,2344,848564720,216431752082,5508,0,55,neo4j-analytics,219426
18792441776,93679268702,1,0,30289639756,55,16862053,327155712,0,480184696,42568,2977098614,81,2,417767984,2388,838700581,219472491477,5563,0,56,neo4j-analytics,222450
18811099130,93757121367,1,0,30400202344,64,16848165,325058560,0,480447468,42568,2990217524,82,2,415671112,2426,851729659,222490025225,5627,0,57,neo4j-analytics,225480
18785482363,93656353381,1,0,30287433258,54,16813082,327155712,53,478720448,42621,2972821303,83,3,417768608,2469,832587848,225526578173,5681,0,58,neo4j-analytics,228499
18794861466,93686037351,1,0,30406633936,65,16879630,322961408,0,480651156,42621,2988565483,84,1,413574584,2507,850275941,228539917754,5746,0,59,neo4j-analytics,231528
18783312297,93647756116,1,0,30280864718,54,16840417,322961408,12,481101253,42633,2974618405,85,15,413574896,2551,837470493,231574424578,5800,0,60,neo4j-analytics,234549
18806944415,93720442174,1,0,30338603776,54,16978545,325058560,41,482186195,42674,2988244294,86,4,415672360,2596,838527280,234597033999,5854,0,61,neo4j-analytics,237585
18811971079,93747769144,1,0,30416758160,55,16929358,327155712,3,481553804,42677,2985088319,87,1,417769824,2635,851630759,237626598774,5909,0,62,neo4j-analytics,240612
18811723661,93764309184,1,0,30433043000,54,16863255,322961408,1,481524909,42678,2981801339,88,2,413576280,2680,850173934,240659451947,5963,0,63,neo4j-analytics,243641
18807744452,93744747490,1,0,30417825566,53,16857204,322961408,17,480832825,42695,2983119833,89,29,413576560,2721,846824713,243685048853,6016,0,64,neo4j-analytics,246668
18799070995,93710868043,1,0,30408424626,54,16877641,322961408,44,481428910,42740,2982363541,90,4,413576400,2759,854457574,246708786855,6070,0,65,neo4j-analytics,249691
18797446204,93689192369,1,0,30423150916,54,16905724,325058560,41,481638368,42781,2975587636,91,6,415679712,2803,852494503,249738264106,6124,0,66,neo4j-analytics,252714
18784765643,93654136456,1,0,30419986804,29,16890221,268435456,0,480104599,42781,2951111766,92,1,359056920,2843,852777132,252755723808,6153,0,67,neo4j-analytics,255707
18789104830,93670412192,1,0,30411944394,54,16868691,322961408,12,480945062,42793,2985840628,93,2,413582464,2888,848290774,255755254069,6207,0,68,neo4j-analytics,258741
18784397815,93654719324,1,0,30310687992,55,16841905,327155712,26,480941137,42819,2979754877,94,3,417777080,2934,837989237,258789329281,6262,0,69,neo4j-analytics,261769
18791520520,93676248067,1,0,30406019422,54,16858460,322961408,0,480236638,42819,2979005196,95,0,413583120,2972,852169981,261810023362,6316,0,70,neo4j-analytics,264789
18792613308,93672021201,1,0,30278299790,54,16881853,322961408,6,479484882,42825,2973878502,96,1,413583400,3017,839121566,264835929051,6370,0,71,neo4j-analytics,267810
18787495784,93662421143,1,0,30309774324,67,16845775,322961408,0,479407513,42825,2989707428,97,0,413583712,3065,835664725,267860647351,6437,0,72,neo4j-analytics,270850
18788064885,93664881197,1,0,30316224166,66,16834002,325058560,0,479820124,42825,2988240303,98,0,415681176,3110,840870755,270898621764,6503,0,73,neo4j-analytics,273887
18793546044,93679937312,1,0,30436614452,54,16869621,325058560,5,480610549,42830,2976929471,99,7,415681488,3149,847926499,273928680274,6557,0,74,neo4j-analytics,276906
18785464793,93655472433,1,0,30321372710,66,16875891,320864256,35,481490832,42865,2996067072,100,10,411487024,3188,843320477,276946836781,6623,0,75,neo4j-analytics,279943
18791687223,93675769954,1,0,30313425638,55,16881315,327155712,1,480989142,42866,2982854197,101,1,417780488,3233,838785803,279990759112,6678,0,76,neo4j-analytics,282974
18802403224,93706688559,1,0,30314290980,55,16919143,329252864,2,480817399,42868,2990089501,102,2,419877952,3277,839020008,283020268463,6733,0,77,neo4j-analytics,286010
18788581016,93667319222,1,0,30463979232,53,16838050,322961408,48,479958946,42916,2976257041,103,1,413587528,3322,850130654,286058738612,6786,0,78,neo4j-analytics,289035
18790177897,93670343304,1,0,30312518102,55,16826240,327155712,0,479731324,42916,2976864499,104,1,417782176,3368,837610662,289082910862,6841,0,79,neo4j-analytics,292060
18785567809,93657264485,1,0,30338171324,66,16818178,320864256,0,479542172,42916,2987149823,105,0,411491000,3406,839791134,292100921779,6907,0,80,neo4j-analytics,295088
18792562405,93675995183,1,0,30430566548,54,16847444,322961408,0,479716783,42916,2978433224,106,0,413588464,3452,851325831,295136138724,6961,0,81,neo4j-analytics,298115
18785815610,93659993282,1,0,30325372088,54,16845095,320864256,0,479516055,42916,2975448221,107,0,411491624,3496,837281158,298161335902,7015,0,82,neo4j-analytics,301137
18785867007,93659491081,1,0,30310798660,54,16812453,322961408,1,480301350,42917,2975067476,108,1,413589088,3535,839586561,301178921418,7069,0,83,neo4j-analytics,304154
18790385582,93672885019,1,0,30331583804,65,16859204,325058560,1,480723249,42918,2988875442,109,2,415686552,3575,839832448,304196050529,7134,0,84,neo4j-analytics,307185
18789791129,93667246268,1,0,30442548914,72,16835036,325058560,0,479583262,42918,2994223100,110,0,415686864,3624,854114742,307237011353,7206,0,85,neo4j-analytics,310231
18788157423,93665804937,1,0,30439220698,53,16860079,322961408,19,480674664,42937,2977948303,111,3,413590024,3664,853982938,310273940685,7259,0,86,neo4j-analytics,313252
18786812863,93663897254,1,0,30324775970,55,16831466,325058560,1,481132387,42938,2978445528,112,1,415687488,3708,841791522,313298992824,7314,0,87,neo4j-analytics,316277
18789782567,93671387753,1,0,30458064626,54,16896252,322961408,0,480978559,42938,2980136340,113,0,413590984,3748,850016360,316319703084,7368,0,88,neo4j-analytics,319300
18782831768,93650674713,1,0,30298895718,54,16805955,325058560,0,479520983,42938,2975832194,114,0,415688448,3786,836271048,319340940415,7422,0,89,neo4j-analytics,322317
18793366856,93679742265,1,0,30314317698,67,16847745,325058560,0,480227720,42938,2994546431,115,0,415688760,3828,837767818,322361258896,7489,0,90,neo4j-analytics,325356
18793208470,93678898840,1,0,30409984782,54,16868573,322961408,0,481056355,42938,2978057802,116,0,413591920,3875,852300192,325405596496,7543,0,91,neo4j-analytics,328384
18797935940,93689880786,1,0,30333999082,55,16886103,327155712,0,480401224,42938,2981269833,117,0,417786568,3921,838747995,328431913592,7598,0,92,neo4j-analytics,331413
18794332333,93681604840,1,0,30440594704,68,16833072,325058560,0,480947999,42938,2997561762,118,0,415689696,3961,854797841,331456237299,7666,0,93,neo4j-analytics,334454
18799313265,93709677818,1,0,30341006206,55,16822304,327155712,0,480244738,42938,2982434010,119,0,417787192,4002,842527750,334497333886,7721,0,94,neo4j-analytics,337480
18799203170,93694853095,1,0,30322876948,55,16830718,329252864,0,479714569,42987,2981730845,120,1,419884656,4049,839787689,337530147887,7776,0,95,neo4j-analytics,340512
18813901645,93760653484,1,0,30414662184,54,16819594,325058560,22,481442859,43009,2981347598,121,21,415690632,4091,851607720,340556326989,7830,0,96,neo4j-analytics,343538
18778478884,93631872549,1,0,30411043720,66,16779140,325058560,0,479899600,43009,2982185198,122,2,415690976,4138,849860955,343587146528,7896,0,97,neo4j-analytics,346569
18784032873,93653043154,1,0,30288307652,54,16831680,325058560,55,480447347,43064,2977355554,123,3,415691256,4180,836185311,346613839159,7950,0,98,neo4j-analytics,349591
18787556892,93662248952,1,0,30334182312,55,16832219,327155712,0,480223330,43064,2978299981,124,0,417788752,4218,837835685,349632857233,8005,0,99,neo4j-analytics,352611
18788242125,93662852411,1,0,30398665402,65,16781751,325058560,27,479215631,43091,2985818592,125,1,415691880,4263,848158172,352658809465,8070,0,100,neo4j-analytics,355645
18789183742,93665582861,1,0,30343313736,66,16841682,329252864,0,479829433,43091,2990675637,126,0,419886944,4304,836062232,355688071886,8136,0,101,neo4j-analytics,358679
18780286382,93643963268,1,0,30463525902,54,16826677,322961408,3,479387167,43094,2975422600,127,2,413595800,4345,847961857,358723209655,8190,0,102,neo4j-analytics,361699
18796702592,93688558030,1,0,30392112338,54,16845176,322961408,1,481195468,43095,2979818817,128,1,413595672,4383,851807544,361739884268,8244,0,103,neo4j-analytics,364720
18784943666,93655913743,1,0,30430495154,66,16783845,322961408,0,480558858,43095,2986690792,129,1,413596480,4429,852817697,364768306266,8310,0,104,neo4j-analytics,367755
18792446613,93678342839,1,0,30297629752,67,16881602,329252864,0,480100810,43095,2991648312,130,1,419887552,4472,839159713,367800274585,8377,0,105,neo4j-analytics,370792
18793982949,93679948133,1,0,30342223116,66,16803646,320864256,0,480335189,43095,2994007171,131,0,411499248,4511,839686145,370834310003,8443,0,106,neo4j-analytics,373828
18792548913,93692436435,1,0,30443888902,54,16813718,318767104,4,481064037,43099,2982445818,132,5,409402432,4557,850911726,373876284700,8497,0,107,neo4j-analytics,376859
18788607324,93664550020,1,0,30425196084,54,16946776,325058560,1,480403711,43100,2980516319,133,1,415694224,4602,849348489,376907176163,8551,0,108,neo4j-analytics,379888
18800853232,93701125579,1,0,30468840886,30,16863323,268435456,0,480674610,43100,2961450673,134,0,359071456,4643,853515748,379931618846,8581,0,109,neo4j-analytics,382893
18792131887,93675471859,1,0,30419500186,69,16815082,325058560,0,479757817,43100,2991998105,135,0,415694896,4689,844763239,382941091214,8650,0,110,neo4j-analytics,385933
18789277605,93666362035,1,0,30266220918,54,16801726,320864256,0,479824422,43100,2978247926,136,0,411500960,4734,834438600,385981171289,8704,0,111,neo4j-analytics,388959
18793863194,93683100407,1,0,30312875364,54,16904603,325058560,5,480674691,43105,2983674357,137,1,415695568,4774,838327234,389002497918,8758,0,112,neo4j-analytics,391986
