branch_instructions,instructions,jmx_memory_young_collection_delta,jmx_memory_old_collection_delta,ref_cycles,jmx_memory_young_collection_time_ms,branch_misses,jmx_memory_used_delta,compilation_time_ms,cache_misses,compilation_total_ms,iteration_time_ns,jmx_memory_young_collection_count,JVM_COMPILATIONS,jmx_memory_used_size,jmx_memory_old_collection_total_ms,cache_references,uptime_ns,jmx_memory_young_collection_total_ms,jmx_memory_old_collection_time_ms,jmx_memory_old_collection_count,benchmark,total_ms
18764087272,94105254561,1,0,31483939758,54,17450750,455081984,81,514713071,41552,3280528000,41,8,545772680,710,951518440,105171034522,3614,0,17,neo4j-analytics,108452
18764072919,94105646790,1,0,31502869826,67,17423856,455081984,25,511583883,41577,3276014039,42,10,545732760,752,959441263,108497077238,3681,0,18,neo4j-analytics,111773
18758988437,94083038484,1,0,31416047422,53,17371450,452984832,19,510153928,41596,3244601126,43,4,543601976,792,956058035,111815410121,3734,0,19,neo4j-analytics,115060
18777950246,94161487200,1,0,31452042846,53,17497507,448790528,66,515030590,41663,3272323504,44,12,539407984,832,963537849,115103869552,3787,0,20,neo4j-analytics,118376
18767480053,94121903366,1,0,31471193374,67,17388049,450887680,82,514120252,41745,3297439452,45,11,541506040,874,969706136,118421018694,3854,0,21,neo4j-analytics,121718
18760910208,94092557888,1,0,31418987132,67,17373011,448790528,15,511492064,41760,3264691491,46,11,539409552,923,959005649,121770115738,3921,0,22,neo4j-analytics,125035
18764778785,94108722971,1,0,31445821056,67,17317101,452984832,50,511746841,41810,3271207246,47,7,543604032,968,964354285,125082677058,3988,0,23,neo4j-analytics,128354
18772964475,94141785388,1,0,31413920640,65,17309004,450887680,16,509785933,41827,3266960758,48,4,541506528,1009,953773423,128398003955,4053,0,24,neo4j-analytics,131665
18775228910,94151114453,1,0,31451531116,53,17388400,448790528,2,511698953,41829,3260362367,49,4,539410488,1052,962796531,131711119550,4106,0,25,neo4j-analytics,134971
18762086758,94091128101,1,0,31414502742,54,17268361,448790528,19,509937421,41848,3259362209,50,7,539410768,1097,951291171,135020024270,4160,0,26,neo4j-analytics,138279
18761763456,94096503968,1,0,31398218924,66,17391464,446693376,0,510308214,41848,3271993467,51,0,537313928,1142,948472664,138326908894,4226,0,27,neo4j-analytics,141599
18764810457,94108947361,1,0,31443492794,68,17309631,446693376,2,511686869,41850,3274940227,52,5,537314240,1186,962759397,141646320210,4294,0,28,neo4j-analytics,144921
18787579212,94201116026,1,0,31431897182,53,17346473,452984832,20,509352565,41870,3261431241,53,7,543605912,1231,948528012,144968696678,4347,0,29,neo4j-analytics,148230
18774335433,94145285452,1,0,31529288526,54,17299402,452984832,20,510150438,41890,3263309102,54,4,543606320,1270,956437426,148272532303,4401,0,30,neo4j-analytics,151536
18763791447,94104920607,1,0,31443952256,53,17271198,448790528,30,511260789,41920,3270092140,55,9,539412384,1314,954973699,151582584497,4454,0,31,neo4j-analytics,154853
18762080040,94096017765,1,0,31429616224,54,17270672,452984832,82,510890887,42002,3268841282,56,14,543607032,1353,955861718,154894120645,4508,0,32,neo4j-analytics,158163
18760456144,94085839723,1,0,31419384106,72,17315646,452984832,75,507734313,42077,3295141202,57,8,543607384,1398,950470225,158211082976,4580,0,33,neo4j-analytics,161506
18763768016,94102145231,1,0,31456654256,53,17310464,452984832,53,510869061,42130,3263830713,58,4,543610712,1445,951625979,161556993524,4633,0,34,neo4j-analytics,164821
18761350545,94091255325,1,0,31413905456,55,17226608,452984832,6,508526949,42136,3257283500,59,2,543611024,1486,952519248,164865108380,4688,0,35,neo4j-analytics,168122
18761359670,94093383225,1,0,31438552008,53,17360628,448790528,93,510418448,42229,3268224571,60,10,539417032,1532,949377018,168171196866,4741,0,36,neo4j-analytics,171439
18762807961,94098719727,1,0,31440553230,53,17270898,452984832,28,508856614,42257,3265889370,61,6,543612096,1575,950598527,171484898339,4794,0,37,neo4j-analytics,174751
18761320214,94090691221,1,0,31372658704,54,17301679,448790528,1,507937990,42258,3250937071,62,1,539384400,1619,945755538,174797652723,4848,0,38,neo4j-analytics,178049
18773771139,94143234841,1,0,31368646478,53,17237976,452984832,3,508557012,42261,3258912200,63,4,543579016,1665,947872185,178097925341,4901,0,39,neo4j-analytics,181357
18762431983,94099029179,1,0,31405962180,54,17206691,448790528,2,510370554,42263,3256837633,64,3,539385024,1712,953785431,181406719155,4955,0,40,neo4j-analytics,184664
18761889522,94094476354,1,0,31348248088,53,17253829,452984832,3,508914969,42266,3254788581,65,3,543579640,1756,943669795,184710134136,5008,0,41,neo4j-analytics,187965
18762386217,94096043254,1,0,31423743520,54,17386492,452984832,3,510453802,42269,3259812347,66,9,543580016,1801,962075681,188013667279,5062,0,42,neo4j-analytics,191273
18761888222,94094419920,1,0,31398040804,69,17316487,450887680,88,510581167,42357,3273121639,67,16,541483208,1846,945868647,191321627470,5131,0,43,neo4j-analytics,194595
18763055459,94099256637,1,0,31370511628,53,17319347,448790528,9,509732662,42366,3250208744,68,8,539386480,1885,946969175,194636918378,5184,0,44,neo4j-analytics,197887
18760476411,94087752458,1,0,31388492550,54,17166297,452984832,22,508392377,42388,3254762602,69,7,543581096,1930,947863353,197934838352,5238,0,45,neo4j-analytics,201190
18773084534,94138634164,1,0,31375522640,54,17153813,452984832,8,507965589,42396,3256011065,70,4,543582160,1973,942505418,201235681563,5292,0,46,neo4j-analytics,204492
18761905088,94093703632,1,0,31410981660,71,17216714,452984832,54,508932411,42453,3284002407,71,4,543581968,2016,946771043,204537622299,5363,0,47,neo4j-analytics,207822
18759473095,94083565734,1,0,31358766658,53,17167877,455081984,0,506619251,42453,3252830766,72,1,545679904,2057,948552225,207865742888,5416,0,48,neo4j-analytics,211119
18760923823,94091991430,1,0,31368795690,54,17290722,448790528,1,507958343,42454,3252710490,73,4,539388760,2102,948143848,211167357534,5470,0,49,neo4j-analytics,214420
18762552096,94097754350,1,0,31390391864,69,17314200,446693376,10,508343061,42464,3269059367,74,2,537291920,2143,947685504,214464069308,5539,0,50,neo4j-analytics,217733
18765494858,94109820363,1,0,31343043042,53,17226739,450887680,7,507988772,42471,3257621954,75,5,541486536,2184,946304006,217776460867,5592,0,51,neo4j-analytics,221034
18786895029,94197471481,1,0,31410059378,53,17250677,452984832,3,508228560,42474,3265454985,76,3,543584032,2227,956116138,221080440643,5645,0,52,neo4j-analytics,224346
18761130658,94093103200,1,0,31380354364,54,17205993,446693376,8,507748594,42482,3257185873,77,6,537292856,2273,944144611,224395091699,5699,0,53,neo4j-analytics,227652
18762516178,94097609832,1,0,31429327874,53,17246875,452984832,0,508966804,42482,3258844667,78,2,543584624,2314,953687906,227696707308,5752,0,54,neo4j-analytics,230956
18784761988,94188373722,1,0,31365571864,53,17269657,448790528,0,507940858,42482,3260101610,79,2,539390632,2359,945666029,231003609245,5805,0,55,neo4j-analytics,234264
18772095513,94134044761,1,0,31334359984,69,17275274,452984832,5,506735976,42487,3271295694,80,5,543585248,2398,942586950,234305751504,5874,0,56,neo4j-analytics,237577
18772896645,94137961682,1,0,31379843656,54,17290921,452984832,12,507787467,42499,3260142900,81,2,543585560,2442,945264363,237624106916,5928,0,57,neo4j-analytics,240884
18760574222,94088044113,1,0,31364647392,54,17190375,457179136,0,505478301,42500,3256501159,82,0,547780176,2485,946602810,240930140628,5982,0,58,neo4j-analytics,244187
18762386661,94095642199,1,0,31407478828,54,17397152,452984832,9,508188135,42509,3263319321,83,3,543586184,2524,951159952,244229078743,6036,0,59,neo4j-analytics,247492
18761283984,94091799384,1,0,31384207450,54,17198094,452984832,7,507908805,42559,3260371596,84,6,543586024,2565,950679421,247536164042,6090,0,60,neo4j-analytics,250797
18759970812,94084828069,1,0,31368737436,66,17187581,452984832,3,506469345,42608,3268859289,85,1,543586808,2608,947684901,250843189509,6156,0,61,neo4j-analytics,254112
18760159260,94087086571,1,0,31386056686,53,17203457,448790528,10,508036479,42618,3256184941,86,2,539392816,2650,950267862,254156975999,6209,0,62,neo4j-analytics,257413
18759798762,94084362816,1,0,31373442432,54,17147036,452984832,1,507117490,42619,3249047499,87,3,543587432,2691,952606166,257456958427,6263,0,63,neo4j-analytics,260706
18757862377,94075908352,1,0,31338581574,54,17239990,452984832,54,507660739,42673,3252101218,88,29,543587272,2731,948612439,260749857505,6317,0,64,neo4j-analytics,264002
18759721202,94086026804,1,0,31348021058,53,17291546,452984832,3,507120627,42677,3253278633,89,3,543588088,2776,947600651,264050263245,6370,0,65,neo4j-analytics,267304
18760265071,94086274979,1,0,31383107632,70,17169993,452984832,14,507134867,42691,3270905688,90,2,543593744,2815,953482568,267345700850,6440,0,66,neo4j-analytics,270617
18759466772,94082933512,1,0,31398456320,67,17196318,455081984,11,506476215,42702,3265694687,91,2,545691240,2855,956593425,270660056231,6507,0,67,neo4j-analytics,273926
18762699713,94097519655,1,0,31399465472,54,17234005,452984832,18,508177243,42720,3263224022,92,6,543594368,2896,946062618,273969464453,6561,0,68,neo4j-analytics,277233
18760742119,94086978311,1,0,31399764626,54,17189987,452984832,17,508956098,42737,3256255638,93,2,543594680,2937,953603726,277276892451,6615,0,69,neo4j-analytics,280533
18763475433,94100715345,1,0,31392444040,66,17206292,448790528,0,508562738,42737,3269147786,94,0,539400720,2977,950410570,280576956762,6681,0,70,neo4j-analytics,283846
18763558031,94101416464,1,0,31418398022,54,17263614,448790528,2,508641522,42739,3259214616,95,1,539401000,3017,951527642,283889054077,6735,0,71,neo4j-analytics,287148
18774194406,94142833767,1,0,31406943154,54,17180765,455081984,0,507645568,42739,3258786107,96,0,545692768,3058,947969676,287192279102,6789,0,72,neo4j-analytics,290451
18760880702,94091134351,1,0,31371468658,66,17205338,455081984,2,507900156,42741,3272525846,97,3,545693080,3105,948803636,290501884131,6855,0,73,neo4j-analytics,293774
18760929028,94090548901,1,0,31410073248,53,17183131,446693376,0,507816952,42741,3253823465,98,2,537304312,3146,956814590,293818503853,6908,0,74,neo4j-analytics,297072
18758429658,94079449380,1,0,31372498250,54,17158213,452984832,10,506903132,42751,3249758151,99,7,543596584,3193,947996146,297122438193,6962,0,75,neo4j-analytics,300372
18763098916,94100031223,1,0,31406304404,53,17215990,446693376,0,508328693,42751,3260321822,100,0,537306664,3232,948428161,300414831738,7015,0,76,neo4j-analytics,303675
18773277940,94139402874,1,0,31400091666,65,17143873,452984832,18,507846469,42769,3266468994,101,2,543598400,3278,947705178,303723734429,7080,0,77,neo4j-analytics,306990
18762854612,94100163722,1,0,31401980760,66,17300437,446693376,0,508845637,42769,3271261674,102,1,537307288,3323,956251471,307039115229,7146,0,78,neo4j-analytics,310310
18762027331,94096632209,1,0,31512196014,53,17222122,448790528,0,508267962,42769,3259008381,103,0,539404720,3363,955003764,310353632363,7199,0,79,neo4j-analytics,313613
18761432280,94094426039,1,0,31383370724,53,17231309,448790528,2,508606450,42817,3257342490,104,1,539405032,3407,947334823,313660002430,7252,0,80,neo4j-analytics,316917
18761421369,94094263445,1,0,31373399946,69,17178330,446693376,47,508412375,42864,3269363197,105,1,537308528,3451,948996409,316964563564,7321,0,81,neo4j-analytics,320234
18761899900,94096019368,1,0,31393934554,53,17249061,452984832,0,509197398,42864,3255481222,106,0,543600296,3497,948940002,320283153333,7374,0,82,neo4j-analytics,323539
18761911414,94094089059,1,0,31395370318,54,17232381,452984832,0,508834474,42864,3259474036,107,1,543600608,3546,958940705,323590129795,7428,0,83,neo4j-analytics,326850
18762366435,94096947706,1,0,31396657308,54,17211283,452984832,0,508571912,42864,3256531222,108,1,543600920,3590,948601223,326897485522,7482,0,84,neo4j-analytics,330154
18771574270,94130334704,1,0,31362648506,54,17174728,452984832,1,506076238,42865,3258084677,109,1,543601264,3635,951624926,330201862717,7536,0,85,neo4j-analytics,333460
18761733265,94094102807,1,0,31406337692,65,17187342,450887680,2,509078006,42867,3272442026,110,4,541504424,3683,953078149,333511710818,7601,0,86,neo4j-analytics,336784
18759311398,94084255047,1,0,31342138134,54,17271730,446693376,0,507724742,42867,3254097791,111,0,537309680,3723,950636431,336826895653,7655,0,87,neo4j-analytics,340081
18760569179,94088536358,1,0,31395342286,54,17178583,452984832,18,508115831,42885,3255807430,112,1,543601480,3762,951598385,340123533713,7709,0,88,neo4j-analytics,343379
18762236723,94096131209,1,0,31376901756,69,17240048,450887680,11,509094991,42896,3277544089,113,4,541505056,3805,950310052,343426095967,7778,0,89,neo4j-analytics,346704
18771941339,94134326037,1,0,31372587602,54,17153109,457179136,1,507826828,42897,3253825544,114,1,547796856,3852,947798088,346753990832,7832,0,90,neo4j-analytics,350008
18761627591,94092544668,1,0,31393233900,54,17222136,448790528,0,508256968,42897,3260129707,115,0,539409248,3897,953226790,350056089738,7886,0,91,neo4j-analytics,353316
18762464159,94097894158,1,0,31377288510,54,17225815,450887680,0,508524427,42897,3259978095,116,0,541506744,3941,947309116,353362886115,7940,0,92,neo4j-analytics,356623
18761193873,94091152070,1,0,31379692692,53,17182538,452984832,0,507980604,42897,3255987297,117,0,543604176,3980,951390562,356665886222,7993,0,93,neo4j-analytics,359922
18759764736,94084093586,1,0,31381354610,67,17154547,455081984,18,507331886,42915,3272175308,118,2,545701640,4019,948363514,359963844870,8060,0,94,neo4j-analytics,363236
18762653020,94097389308,1,0,31392350600,65,17219727,450887680,0,508531618,42964,3272359332,119,3,541507648,4065,949752130,363285731365,8125,0,95,neo4j-analytics,366558
18785833773,94191111850,1,0,31414239066,66,17330467,452984832,25,509272548,42989,3274631366,120,20,543605112,4107,950917245,366602757157,8191,0,96,neo4j-analytics,369877
18760264420,94088288968,1,0,31490021680,65,17241808,450887680,0,507691386,42989,3266848866,121,0,541508272,4151,945906282,369924883937,8256,0,97,neo4j-analytics,373192
18762180483,94095845268,1,0,31422385720,69,17250341,448790528,0,508634142,42989,3276231021,122,0,539411464,4198,957658459,373242233077,8325,0,98,neo4j-analytics,376518
18761558670,94091679510,1,0,31379520412,53,17286034,452984832,0,507636712,42989,3255018418,123,1,543606048,4238,951534639,376562221163,8378,0,99,neo4j-analytics,379817
18784319999,94183493565,1,0,31439737674,55,17186180,448790528,2,507216819,42991,3262377555,124,1,539412088,4281,951964696,379863161554,8433,0,100,neo4j-analytics,383126
18776204037,94155420366,1,0,31422081894,53,17455268,450887680,25,510062711,43016,3271906574,125,1,541509048,4321,948712425,383169992161,8486,0,101,neo4j-analytics,386442
18761778930,94094821551,1,0,31399854708,53,17188649,448790528,0,508790128,43016,3259455626,126,0,539412712,4367,948942031,386491075097,8539,0,102,neo4j-analytics,389751
18761718184,94095480204,1,0,31441234758,53,17283884,452984832,6,508441588,43022,3260643168,127,3,543607296,4414,951853655,389801419744,8592,0,103,neo4j-analytics,393062
18760796539,94089633349,1,0,31385818122,65,17219992,452984832,0,507589053,43022,3266418558,128,0,543607608,4461,951380549,393111657739,8657,0,104,neo4j-analytics,396378
18760531488,94089940103,1,0,31390866364,53,17190549,446693376,0,508384393,43022,3257341685,129,0,537316520,4506,955073497,396426881783,8710,0,105,neo4j-analytics,399684
18760719203,94088881098,1,0,31384091672,67,17271314,452984832,2,508220751,43024,3272720419,130,3,543608280,4547,949394220,399728694993,8777,0,106,neo4j-analytics,403001
18759515569,94082664995,1,0,31387236074,70,17198344,455081984,1,507413596,43025,3273649982,131,2,545705768,4596,952470343,403053256188,8847,0,107,neo4j-analytics,406327
18761457834,94093624043,1,0,31396884776,65,17179883,444596224,0,508880310,43025,3265281308,132,0,535220376,4634,953182457,406369190137,8912,0,108,neo4j-analytics,409634
18760455346,94087048025,1,0,31404091336,54,17204573,452984832,0,507713068,43025,3257942104,133,0,543609288,4674,948049602,409676995098,8966,0,109,neo4j-analytics,412935
18760014854,94085032391,1,0,31371402666,54,17148846,452984832,6,506374110,43031,3261162659,134,2,543609624,4717,952893935,412981752871,9020,0,110,neo4j-analytics,416243
18761936909,94095649832,1,0,31403530988,68,17243012,452984832,0,509295104,43031,3275983719,135,0,543609992,4758,949140121,416287503482,9088,0,111,neo4j-analytics,419563
18761714594,94094020680,1,0,31410103616,53,17131143,448790528,3,508149602,43034,3260198344,136,2,539415992,4799,956204625,419607613069,9141,0,112,neo4j-analytics,422868
18759263301,94081435955,1,0,31356853474,54,17148662,452984832,0,507299289,43034,3254953264,137,0,543610632,4837,955149174,422910063869,9195,0,113,neo4j-analytics,426165
18762103781,94095621814,1,0,31385121994,54,17206080,452984832,0,508601097,43034,3256819976,138,0,543610968,4879,946703645,426210375187,9249,0,114,neo4j-analytics,429467
18760116804,94086656970,1,0,31357847588,54,17172069,452984832,0,507866554,43035,3259232240,139,1,543611304,4923,957593107,429515001638,9303,0,115,neo4j-analytics,432774
18760100164,94085309243,1,0,31393766070,68,17185792,450887680,1,508832535,43036,3272357407,140,1,541513768,4963,959509771,432817047863,9371,0,116,neo4j-analytics,436089
18772770717,94136730553,1,0,31409040736,55,17208428,448790528,5,507960675,43041,3263564541,141,2,539416952,5003,951267837,436133011414,9426,0,117,neo4j-analytics,439397
18762437042,94096790604,1,0,31422116788,53,17163563,450887680,0,509159207,43041,3255389398,142,0,541514440,5046,958021422,439443754101,9479,0,118,neo4j-analytics,442699
18761974718,94095501533,1,0,31425908700,65,17254097,455081984,0,508953278,43041,3272117856,143,1,545709080,5092,959514487,442748028709,9544,0,119,neo4j-analytics,446020
18762080948,94094283914,1,0,31404511962,69,17199314,455081984,0,508654191,43041,3276912145,144,1,545710168,5137,945244208,446068226142,9613,0,120,neo4j-analytics,449345
18760567717,94087778423,1,0,31376339656,54,17161614,452984832,1,508076736,43042,3259154813,145,2,543613320,5175,952553432,449387456214,9667,0,121,neo4j-analytics,452647
18757286391,94073698409,1,0,31363587432,65,17113372,452984832,0,506459740,43042,3263383074,146,0,543613656,5220,953634137,452694749654,9732,0,122,neo4j-analytics,455958
18760466874,94090064421,1,0,31387380760,54,17168539,452984832,0,508425042,43085,3259043002,147,1,543613992,5261,951099376,456002649345,9786,0,123,neo4j-analytics,459262
18761327657,94089754184,1,0,31399755428,54,17187113,452984832,55,507076819,43140,3262644319,148,2,543614328,5301,953023522,459304478887,9840,0,124,neo4j-analytics,462567
18761307867,94093680374,1,0,31400929852,67,17197568,452984832,1,509134145,43141,3277262259,149,2,543614664,5346,950418391,462615674758,9907,0,125,neo4j-analytics,465893
18760443201,94087790266,1,0,31410028718,54,17190942,448790528,0,508306459,43141,3257144790,150,2,539420696,5390,954718801,465940237591,9961,0,126,neo4j-analytics,469197
18760445436,94086227942,1,0,31382071032,54,17215529,452984832,0,507842846,43141,3257893958,151,1,543615368,5433,944385039,469243903876,10015,0,127,neo4j-analytics,472502
18761149717,94091871736,1,0,31408295114,54,17175767,452984832,4,509402015,43145,3256815997,152,21,543615232,5472,949785701,472544683290,10069,0,128,neo4j-analytics,475801
18774314986,94145387205,1,0,31430957380,53,17220196,450887680,1,508566613,43146,3264269412,153,1,541519016,5511,951143645,475844608479,10122,0,129,neo4j-analytics,479109
18759127056,94081160708,1,0,31361323118,54,17136451,448790528,53,507201902,43199,3259369979,154,1,539432672,5552,947376655,479153869460,10176,0,130,neo4j-analytics,482413
18760889047,94087952856,1,0,31411094372,55,17206195,448790528,8,507939538,43207,3261134907,155,1,539433536,5598,957371783,482462142600,10231,0,131,neo4j-analytics,485723
18763034712,94099056656,1,0,31453260340,64,17207795,452984832,4,508667417,43211,3276966601,156,1,543628168,5644,957147298,485772806393,10295,0,132,neo4j-analytics,489050
18761479054,94093599748,1,0,31426690092,53,17219963,452984832,0,509501832,43211,3261007247,157,1,543628528,5691,955875045,489100272316,10348,0,133,neo4j-analytics,492361
18758562148,94079654818,1,0,31396905216,54,17193187,452984832,1,507551035,43212,3256606155,158,1,543628888,5733,952806412,492407220481,10402,0,134,neo4j-analytics,495664
18760747013,94091534663,1,0,31435801222,54,17158450,448790528,0,509264942,43212,3266871057,159,1,539434944,5774,958668749,495708750748,10456,0,135,neo4j-analytics,498976
