"branch_instructions","instructions","jmx_memory_young_collection_delta","jmx_memory_old_collection_delta","ref_cycles","jmx_memory_young_collection_time_ms","branch_misses","jmx_memory_used_delta","compilation_time_ms","cache_misses","compilation_total_ms","iteration_time_ns","jmx_memory_young_collection_count","JVM_COMPILATIONS","jmx_memory_used_size","jmx_memory_old_collection_total_ms","cache_references","uptime_ns","jmx_memory_young_collection_total_ms","jmx_memory_old_collection_time_ms","jmx_memory_old_collection_count","benchmark","total_ms"
22277130563,113931505237,9,0,53347847536,179,96648845,3125276672,12143,663658150,33413,7430665476,25,6869,3207580176,41,3240328862,43479466709,2360,0,1,"neo4j-analytics",50910
18669429974,93863755804,1,0,33330457822,81,18757011,511705088,1863,446873212,35279,3834379271,26,613,600468528,98,827163548,50970166639,2441,0,2,"neo4j-analytics",54805
18641452393,93571485065,1,0,31067678574,55,16831908,3019898880,1203,521633798,36482,3085885203,27,381,3108913144,138,909294370,54845893224,2496,0,3,"neo4j-analytics",57932
18951631400,94492813150,1,0,31876622380,67,18177216,511705088,335,552606307,36817,3128524663,28,93,600961224,189,965754925,57984326853,2563,0,4,"neo4j-analytics",61113
18941989126,94460028327,1,0,31844796570,72,17962896,517996544,443,548649619,37261,3167647795,29,67,607492088,228,959234240,61153689231,2635,0,5,"neo4j-analytics",64321
19047641016,95003175616,1,0,32074654444,57,18296208,511705088,445,550206346,37706,3140882262,30,147,601439216,268,965078672,64363681660,2692,0,6,"neo4j-analytics",67505
19005353368,94848662089,1,0,31964434518,55,18076684,511705088,485,550417519,38192,3135906408,31,56,601746960,309,961544499,67547454413,2747,0,7,"neo4j-analytics",70683
18994260551,94804196822,1,0,31821039158,56,17758748,515899392,495,543152089,38727,3117872541,32,55,606180184,348,946304615,70724206215,2803,0,8,"neo4j-analytics",73842
18953915525,94663974162,1,0,31724694634,57,17383027,511705088,828,540390159,39555,3110497427,33,56,602224488,388,932809536,73884047528,2860,0,9,"neo4j-analytics",76995
18992404312,94817525098,1,0,31557707572,72,17469819,509607936,423,530068959,39978,3092330868,34,47,600366224,438,925753830,77046255125,2932,0,10,"neo4j-analytics",80139
18960511294,94683857055,1,0,31475501980,68,17288300,511705088,492,525067510,40470,3064014041,35,63,602702312,481,921672370,80183200245,3000,0,11,"neo4j-analytics",83247
18988768262,94765537560,1,0,31502808360,57,17850189,511705088,248,521125198,40762,3044726282,36,39,602705448,523,922581579,83291631528,3057,0,12,"neo4j-analytics",86336
18982110975,94749411248,1,0,31338808166,56,17397236,511705088,264,516776565,41069,3049084315,37,23,602388216,566,906053481,86380922742,3113,0,13,"neo4j-analytics",89430
18985562798,94759524991,1,0,31339314786,55,17181645,507510784,144,515884079,41213,3031336228,38,12,598194304,605,907305989,89471961519,3168,0,14,"neo4j-analytics",92503
18961900290,94687362535,1,0,31255194112,56,17181283,511705088,149,511822591,41362,3014083553,39,13,602389208,647,902421298,92547779371,3224,0,15,"neo4j-analytics",95562
18983772301,94762357968,1,0,31265697936,56,17088751,511705088,35,511828671,41397,3026222841,40,10,602383264,688,904030289,95604121571,3280,0,16,"neo4j-analytics",98630
18982420820,94744710010,1,0,31304658474,56,17100405,507510784,206,512850412,41603,3060716971,41,15,598176808,734,904815682,98679166673,3336,0,17,"neo4j-analytics",101740
18998870757,94818476411,1,0,31243498198,56,17027878,507510784,8,508659905,41611,3010728245,42,6,598137592,774,905437845,101782579974,3392,0,18,"neo4j-analytics",104793
18982282341,94761601350,1,0,31209921556,67,16954667,511705088,13,506618717,41624,3010082277,43,1,602332880,821,902567910,104842906939,3459,0,19,"neo4j-analytics",107853
18977581987,94736032783,1,0,31199850330,66,16984858,507510784,107,509308807,41774,3013194149,44,4,598138112,862,897236704,107896500205,3525,0,20,"neo4j-analytics",110910
18978510803,94734947706,1,0,31214602170,69,17029398,507510784,62,506785115,41836,3017096051,45,10,598139216,900,901084963,110950527316,3594,0,21,"neo4j-analytics",113968
18977408816,94729659584,1,0,31188495180,56,17098606,507510784,82,507859066,41918,3003761470,46,20,598139680,942,896029073,114012004076,3650,0,22,"neo4j-analytics",117016
18994359428,94793139872,1,0,31209130528,57,17051320,507510784,43,506617148,41961,3009807195,47,7,598140152,980,903949087,117056620125,3707,0,23,"neo4j-analytics",120066
18981450476,94747004257,1,0,31186956340,56,17143856,511705088,3,507927752,42004,3012688947,48,3,602334712,1019,903845239,120107173792,3763,0,24,"neo4j-analytics",123120
18977978007,94730515485,1,0,31177561240,57,17033412,507510784,4,506267368,42008,3003676165,49,4,598140776,1057,902774318,123160907320,3820,0,25,"neo4j-analytics",126165
18990169408,94773486976,1,0,31246584784,56,17335242,507510784,33,509471435,42041,3017789581,50,7,598140896,1100,905134476,126209216474,3876,0,26,"neo4j-analytics",129227
18981992318,94745634121,1,0,31206005106,67,17039918,513802240,57,507508183,42098,3018188102,51,5,604433464,1145,900705724,129274886540,3943,0,27,"neo4j-analytics",132293
18975255630,94725789079,1,0,31194127130,57,17038423,507510784,46,507471687,42144,3008717657,52,3,598142216,1183,900861429,132334018644,4000,0,28,"neo4j-analytics",135343
18981888767,94743472771,1,0,31194754638,57,17134617,511705088,4,507177705,42148,3007877603,53,6,602336936,1225,901785208,135386988610,4057,0,29,"neo4j-analytics",138395
18980635141,94740643651,1,0,31199298304,56,16983381,511705088,9,507765343,42157,3006723420,54,6,602337176,1264,900282066,138435628041,4113,0,30,"neo4j-analytics",141442
18985484008,94757927531,1,0,31225181622,67,17029946,511705088,16,508193125,42173,3025127794,55,8,602337512,1308,902302422,141489520187,4180,0,31,"neo4j-analytics",144515
18995301141,94796745895,1,0,31195485660,67,17148186,513802240,56,509118588,42229,3033186379,56,14,604434976,1352,903912503,144560163163,4247,0,32,"neo4j-analytics",147593
18965093110,94693014938,1,0,31196683882,56,16994185,511705088,95,504750745,42324,3001238853,57,10,602338496,1391,895965940,147635444243,4303,0,33,"neo4j-analytics",150637
18976077771,94731445109,1,0,31166831992,56,17017862,511705088,0,506677314,42324,3006969012,58,0,602341824,1430,904149161,150678105366,4359,0,34,"neo4j-analytics",153685
18991073829,94776838560,1,0,31181746038,70,17059308,507510784,7,507625419,42331,3028522731,59,3,598147832,1470,905954517,153727528861,4429,0,35,"neo4j-analytics",156756
18973014578,94718255274,1,0,31211872408,57,16928969,507510784,43,506243050,42422,3004604036,60,4,598148176,1517,902204778,156805032440,4486,0,36,"neo4j-analytics",159810
18976630668,94730268002,1,0,31188060830,56,17046884,511705088,24,506841929,42446,3008428024,61,11,602343240,1555,903156696,159850761343,4542,0,37,"neo4j-analytics",162859
18972317780,94713372937,1,0,31176143434,57,16997631,507510784,73,505339448,42519,3003692344,62,3,598149512,1597,903221960,162903007775,4599,0,38,"neo4j-analytics",165907
18993219408,94790524336,1,0,31178303942,56,17025346,507510784,8,506230078,42527,3010804920,63,5,598149784,1640,901801615,165952612803,4655,0,39,"neo4j-analytics",168963
18978776369,94739983541,1,0,31169228582,73,16984923,507510784,0,504763681,42527,3019386476,64,2,598150136,1683,900953620,169009112613,4728,0,40,"neo4j-analytics",172028
18976607933,94727878755,1,0,31142429552,56,17145815,507510784,4,505195799,42531,3001552098,65,1,598150416,1726,899642606,172073776427,4784,0,41,"neo4j-analytics",175075
18982635045,94750776804,1,0,31225562244,56,17007975,511705088,6,506373936,42537,3018107388,66,10,602345032,1765,901178943,175116839095,4840,0,42,"neo4j-analytics",178135
18977620896,94728199763,1,0,31131644094,78,17092856,509607936,55,505514102,42592,3024824609,67,19,600248088,1803,899168978,178175730928,4918,0,43,"neo4j-analytics",181201
18941305662,94611709313,1,0,31161153906,72,16868683,503316480,41,503185264,42633,3016966823,68,11,593957096,1844,900741240,181243824217,4990,0,44,"neo4j-analytics",184261
18975022531,94725666462,1,0,31141197312,57,16940549,507510784,5,504600613,42638,3002285319,69,5,598151264,1884,899558677,184303694232,5047,0,45,"neo4j-analytics",187306
18974648114,94724394665,1,0,31143775672,57,16930090,507510784,0,504997143,42638,3003157289,70,1,598152184,1929,899450931,187352769801,5104,0,46,"neo4j-analytics",190356
18979117815,94739762142,1,0,31160781606,74,16964498,509607936,0,505048618,42639,3021029237,71,0,600249648,1968,900549469,190398217461,5178,0,47,"neo4j-analytics",193419
18977206766,94733099063,1,0,31141499532,56,16940468,509607936,5,504581382,42644,3000926345,72,2,600249488,2008,899906151,193461913709,5234,0,48,"neo4j-analytics",196463
18975983277,94732594536,1,0,31180097990,76,16960482,509607936,9,505286439,42653,3026346504,73,2,600250440,2053,901000858,196510738169,5310,0,49,"neo4j-analytics",199537
18975981481,94726398635,1,0,31185998288,72,16974060,507510784,45,506640753,42698,3025700927,74,6,598153504,2095,902459886,199581934837,5382,0,50,"neo4j-analytics",202608
18981701917,94747986662,1,0,31185597518,68,16981973,507510784,2,505586716,42700,3019270324,75,4,598153912,2136,906650149,202650750384,5450,0,51,"neo4j-analytics",205670
18986178631,94761063401,1,0,31146921972,56,17155065,507510784,2,505106557,42702,3006422268,76,1,598154200,2179,895462389,205715237772,5506,0,52,"neo4j-analytics",208722
18979356308,94741341560,1,0,31145719954,75,16963196,509607936,1,505005568,42703,3026802199,77,1,600251656,2218,902152757,208764064656,5581,0,53,"neo4j-analytics",211791
18973881081,94723137680,1,0,31118812884,57,16910232,507510784,13,505118540,42716,3000261829,78,4,598154856,2258,898441882,211833726560,5638,0,54,"neo4j-analytics",214834
18981777509,94744300967,1,0,31122155992,74,17008391,507510784,2,504455186,42718,3025434643,79,5,598155072,2303,898208776,214881739289,5712,0,55,"neo4j-analytics",217907
18976018943,94729366263,1,0,31137459712,71,16945091,507510784,5,504742417,42723,3015922555,80,4,598155544,2344,900427116,217950154665,5783,0,56,"neo4j-analytics",220966
18983416930,94759084384,1,0,31156967648,56,17293915,507510784,50,504553569,42773,3003654958,81,4,598155856,2383,899240520,221008171027,5839,0,57,"neo4j-analytics",224012
18980221141,94744090149,1,0,31150635190,76,17249761,507510784,0,504343256,42773,3026284386,82,0,598156168,2422,897350551,224052641907,5915,0,58,"neo4j-analytics",227079
18982282172,94747446634,1,0,31168630566,72,16973032,505413632,0,505112143,42773,3021331164,83,1,596059232,2465,901735130,227125251180,5987,0,59,"neo4j-analytics",230147
18978938871,94735589313,1,0,31137180414,56,17004695,511705088,8,504580506,42781,3008645160,84,8,602351096,2505,898790915,230189092244,6043,0,60,"neo4j-analytics",233198
18975217558,94729269348,1,0,31187543990,57,16982959,509607936,44,505257070,42825,3007308586,85,1,600253784,2545,901690412,233240950420,6100,0,61,"neo4j-analytics",236248
18980202530,94742532047,1,0,31152007736,56,16954046,507510784,0,504144313,42825,3004479770,86,0,598157416,2588,899196396,236293665558,6156,0,62,"neo4j-analytics",239298
18989482702,94783208328,1,0,31164913260,57,16972278,507510784,12,505555419,42837,3005416276,87,4,598157728,2629,898803325,239342569982,6213,0,63,"neo4j-analytics",242348
18971744529,94714291650,1,0,31138352502,56,17957852,507510784,28,504997597,42866,3009653899,88,34,598158040,2671,895741189,242392917392,6269,0,64,"neo4j-analytics",245403
18977594898,94730265052,1,0,31158246608,73,17041626,509607936,3,503926019,42869,3017898800,89,6,600255504,2717,896666126,245451296432,6342,0,65,"neo4j-analytics",248469
18978906069,94740016516,1,0,31168343238,70,17003966,507510784,9,505396274,42878,3022320220,90,2,598164040,2762,900957145,248516539988,6412,0,66,"neo4j-analytics",251539
18973091922,94719380841,1,0,31156118220,67,17278785,509607936,5,504176049,42883,3012814331,91,2,600261504,2805,904107354,251584097467,6479,0,67,"neo4j-analytics",254597
18978292669,94735699231,1,0,31139243394,68,17020345,509607936,1,505399498,42884,3015403548,92,3,600261816,2845,901125488,254640377678,6547,0,68,"neo4j-analytics",257656
18974787196,94725384784,1,0,31175054858,56,17160211,507510784,27,505279381,42911,3001734494,93,3,598164976,2888,898517098,257701212168,6603,0,69,"neo4j-analytics",260703
18977538374,94736189920,1,0,31184291110,55,16950273,507510784,0,505251450,42911,2999392896,94,0,598165288,2932,901953812,260749437512,6658,0,70,"neo4j-analytics",263749
18981217521,94745371543,1,0,31184892046,57,17083173,507510784,0,505712784,42911,3008096927,95,0,598165528,2978,906959113,263797932880,6715,0,71,"neo4j-analytics",266806
18975915383,94729064030,1,0,31176830218,70,17000261,509607936,0,505358114,42911,3016045423,96,0,600263152,3023,898023831,266853790246,6785,0,72,"neo4j-analytics",269870
18975223278,94727059794,1,0,31157105764,56,17070923,507510784,5,504365660,42916,3006735539,97,1,598166120,3068,898412504,269917131651,6841,0,73,"neo4j-analytics",272924
18975793669,94728439910,1,0,31160761312,57,16974984,507510784,1,504785403,42917,3004682829,98,4,598166536,3113,902282267,272971674019,6898,0,74,"neo4j-analytics",275976
18975023244,94720010201,1,0,31125855194,56,17137007,511705088,27,504126347,42944,3001422232,99,10,602361152,3155,894864453,276021546422,6954,0,75,"neo4j-analytics",279023
18976420443,94729340562,1,0,31170610326,57,17011101,507510784,0,504950294,42944,3003381187,100,0,598167912,3196,901008068,279066541866,7011,0,76,"neo4j-analytics",282070
18973052737,94719800596,1,0,31123261212,56,16949309,507510784,0,504191872,42944,3001092570,101,0,598168696,3236,898511919,282112654105,7067,0,77,"neo4j-analytics",285114
18980786070,94743665173,1,0,31205673248,56,17313614,507510784,0,504929116,42944,3010793653,102,0,598169008,3281,900329086,285162003736,7123,0,78,"neo4j-analytics",288173
18978292946,94738029233,1,0,31167920276,56,16997519,507510784,0,506013027,42944,3008434754,103,0,598169320,3322,903437097,288216102014,7179,0,79,"neo4j-analytics",291225
18989028159,94781833149,1,0,31198200092,68,16989327,507510784,0,506185709,42944,3023307564,104,0,598169632,3365,906790200,291270742680,7247,0,80,"neo4j-analytics",294294
18980847659,94744523300,1,0,31195095110,73,16990911,507510784,0,505239141,42944,3025107482,105,0,598169976,3406,903266843,294337985060,7320,0,81,"neo4j-analytics",297363
18985449946,94772753323,1,0,31172149604,56,17026283,511705088,0,506166356,42944,3010209270,106,0,602364560,3451,904393364,297410816806,7376,0,82,"neo4j-analytics",300421
19000292872,94826214466,1,0,31197530828,57,16959618,507510784,0,505699130,42945,3008737008,107,1,598170600,3495,904006237,300468031670,7433,0,83,"neo4j-analytics",303477
18980565216,94746058221,1,0,31183936038,56,17427104,507510784,0,505318660,42945,3011763615,108,1,598170880,3539,903245364,303523597345,7489,0,84,"neo4j-analytics",306535
18972697486,94719603017,1,0,31179881618,57,17002717,507510784,1,505348413,42946,3002487460,109,2,598171192,3586,905007112,306585071462,7546,0,85,"neo4j-analytics",309588
18979750689,94738983736,1,0,31175081138,69,16965351,503316480,4,505172689,42950,3019847104,110,3,593977096,3630,900893222,309634261521,7615,0,86,"neo4j-analytics",312654
18975023978,94727383354,1,0,31151799978,68,16970288,507510784,0,504939825,42950,3018548768,111,1,598171816,3670,899688576,312696683160,7683,0,87,"neo4j-analytics",315715
18974915443,94724152217,1,0,31150656506,75,16916538,509607936,0,504792470,42950,3018693159,112,0,600269616,3713,897680901,315761046032,7758,0,88,"neo4j-analytics",318780
18976861929,94733030974,1,0,31165535804,56,16997873,507510784,11,504603073,42961,3007974115,113,2,598172776,3755,899737376,318824430857,7814,0,89,"neo4j-analytics",321832
18982024770,94748915942,1,0,31147076732,57,17175572,507510784,0,504904613,42961,3011140485,114,0,598173088,3797,899603751,321877742310,7871,0,90,"neo4j-analytics",324889
18977683643,94737666138,1,0,31193805346,71,18124914,507510784,0,505882366,42961,3035020799,115,0,598173400,3841,902885221,324935807172,7942,0,91,"neo4j-analytics",327971
18978121007,94733783631,1,0,31163381136,68,16977863,509607936,0,504556738,42961,3013503323,116,0,600270792,3881,902881880,328013589720,8010,0,92,"neo4j-analytics",331027
18980481490,94743158384,1,0,31185082576,68,17007678,507510784,0,504902057,42961,3021793684,117,0,598174024,3925,903643341,331073978882,8078,0,93,"neo4j-analytics",334096
18975531448,94726348042,1,0,31200744872,57,16958392,511705088,0,505761003,42961,3005088599,118,0,602368640,3970,901591972,334143651043,8135,0,94,"neo4j-analytics",337149
18976071573,94732582993,1,0,31153599720,56,17066445,507510784,0,506325519,42961,3011535421,119,2,598174648,4012,903966371,337193763714,8191,0,95,"neo4j-analytics",340205
19005094625,94845917922,1,0,31213015150,72,17033886,505413632,25,507178686,42986,3039384995,120,24,596077704,4051,902683703,340246860045,8263,0,96,"neo4j-analytics",343286
18968350932,94697257185,1,0,31160609472,69,17033222,511705088,17,505308554,43003,3019659951,121,3,602370744,4096,902019134,343335120970,8332,0,97,"neo4j-analytics",346355
18966951112,94698612279,1,0,31134519418,69,16943102,511705088,0,504563340,43003,3018872080,122,0,602371088,4136,902301078,346397408580,8401,0,98,"neo4j-analytics",349416
18981623418,94756989319,1,0,31195113360,57,16996551,507510784,7,506506390,43010,3011324397,123,7,598177064,4179,906427265,349461900282,8458,0,99,"neo4j-analytics",352473
18972975012,94717356840,1,0,31153273118,66,16988505,511705088,0,506352097,43010,3019587993,124,0,602371680,4222,897827774,352518854262,8524,0,100,"neo4j-analytics",355538
18972911351,94715433249,1,0,31143131520,57,16947870,507510784,1,505143287,43011,3009792301,125,1,598177616,4266,897527183,355586180352,8581,0,101,"neo4j-analytics",358596
18969870018,94709172485,1,0,31129108804,73,17171722,505413632,1,505474842,43012,3026047941,126,1,596080776,4314,898270503,358647119637,8654,0,102,"neo4j-analytics",361673
18972529220,94712158601,1,0,31185272084,69,17566814,507510784,0,503658026,43012,3019573938,127,0,598178240,4359,905222210,361720971685,8723,0,103,"neo4j-analytics",364741
18986743013,94759317279,1,0,31164903040,56,17051229,507510784,9,506824561,43021,3017969688,128,1,598178152,4400,902262323,364785036534,8779,0,104,"neo4j-analytics",367803
18974919449,94723044811,1,0,31164820404,73,17464487,505413632,26,505792144,43047,3032373949,129,1,596081704,4443,901940068,367848772333,8852,0,105,"neo4j-analytics",370881
18968663904,94700881758,1,0,31124773772,56,16908501,507510784,0,504569356,43047,3002364891,130,1,598179192,4484,897026261,370925020280,8908,0,106,"neo4j-analytics",373927
18973304133,94717951974,1,0,31151522432,56,16960047,507510784,1,505830560,43048,3008696687,131,2,598179632,4531,900527252,373977490504,8964,0,107,"neo4j-analytics",376986
18967959754,94698848174,1,0,31157812842,57,16929750,507510784,1,505353837,43049,3004800480,132,1,598179968,4572,896883554,377030116715,9021,0,108,"neo4j-analytics",380035
18975567001,94724602670,1,0,31153021414,56,17117527,507510784,0,505502543,43049,3007201979,133,0,598180304,4613,896521210,380079136663,9077,0,109,"neo4j-analytics",383086
18973730817,94718646976,1,0,31158107908,57,16969387,507510784,0,504781987,43049,3010167882,134,0,598180640,4655,900816362,383130840393,9134,0,110,"neo4j-analytics",386141
18974635934,94721580250,1,0,31154897952,76,16997330,505413632,0,505154826,43049,3028549146,135,0,596083856,4699,899839906,386188336535,9210,0,111,"neo4j-analytics",389217
18971383284,94709354677,1,0,31171520052,56,16946043,507510784,0,505439305,43049,3000937178,136,0,598181208,4744,899451557,389265167445,9266,0,112,"neo4j-analytics",392266
18973174904,94716777629,1,0,31180449558,57,17006623,507510784,6,505143941,43055,3007059156,137,1,598181648,4784,903758630,392308902537,9323,0,113,"neo4j-analytics",395316
18972422800,94713268894,1,0,31143195468,56,16921345,507510784,0,504497472,43055,3003364962,138,0,598181920,4828,903610433,395363263759,9379,0,114,"neo4j-analytics",398367
18975652600,94724722856,1,0,31164834566,56,17008667,507510784,42,505073320,43097,3006388937,139,3,598182352,4868,897807146,398409660765,9435,0,115,"neo4j-analytics",401416
18971326762,94714192947,1,0,31164811060,57,16996693,507510784,2,506894721,43099,3011613505,140,1,598182656,4914,904562165,401465485662,9492,0,116,"neo4j-analytics",404477
18986129016,94766924396,1,0,31188545696,72,17040015,507510784,0,505023486,43099,3026405136,141,1,598182168,4955,902859238,404520434670,9564,0,117,"neo4j-analytics",407547
18972014504,94716735722,1,0,31167480378,68,17019658,509607936,1,506463807,43100,3023929628,142,1,600279792,4998,902876589,407593326438,9632,0,118,"neo4j-analytics",410617
